[ToPy Problem Definition File v2007]
# TPD file generated by tpd-generator.py

PROB_NAME  : volfrac_0.4_filtrad_1.5_eta_0.5
PROB_TYPE  : comp
VOL_FRAC   : 0.4
NUM_ITER   : 250
ETA        : 0.5
ELEM_K     : Q4
FILT_RAD   : 1.5
P_FAC      : 0.0

DOF_PN     : 2
NUM_ELEM_X : 60
NUM_ELEM_Y : 20
NUM_ELEM_Z : 0
FXTR_NODE_X: 1|21
FXTR_NODE_Y: 1281
LOAD_NODE_Y: 1
LOAD_VALU_Y: -1


TPD file name: volfrac_0.4_filtrad_1.5_eta_0.5.tpd (v2007)
===============================================================================

```
Domain discretisation (NUM_ELEM_X x NUM_ELEM_Y) = 60 x 20
Element type (ELEM_K) = Q4
Filter radius (FILT_RAD) = 1.5
Number of iterations (NUM_ITER) = 250
Problem type (PROB_TYPE) = comp
Problem name (PROB_NAME) = volfrac_0.4_filtrad_1.5_eta_0.5
Continuation of penalisation factor (P_FAC) not specified
GSF not active
Damping factor (ETA) = 0.50
No passive elements (PASV_ELEM) specified
No active elements (ACTV_ELEM) specified
```

-------------------------------------------------------------------------------
 Iter | Obj. func.   | Vol.  | Change     | P_FAC | Q_FAC | Ave ETA | S-V frac. 
 ----:|-------------:|------:|-----------:|------:|------:|--------:|---------:
   1  | 1.258778e+02 | 0.200 | 2.0000e-01 | 0.000 | 1.000 |  0.500  |  0.000 
   2  | 1.258778e+02 | 0.001 | 1.9900e-01 | 0.000 | 1.000 |  0.500  |  1.000 
   3  | 1.258778e+02 | 0.001 | 0.0000e+00 | 0.000 | 1.000 |  0.500  |  1.000 
   4  | 1.258778e+02 | 0.001 | 0.0000e+00 | 0.000 | 1.000 |  0.500  |  1.000 
   5  | 1.258778e+02 | 0.001 | 0.0000e+00 | 0.000 | 1.000 |  0.500  |  1.000 
   6  | 1.258778e+02 | 0.001 | 0.0000e+00 | 0.000 | 1.000 |  0.500  |  1.000 
   7  | 1.258778e+02 | 0.001 | 0.0000e+00 | 0.000 | 1.000 |  0.500  |  1.000 
   8  | 1.258778e+02 | 0.001 | 0.0000e+00 | 0.000 | 1.000 |  0.500  |  1.000 
   9  | 1.258778e+02 | 0.001 | 0.0000e+00 | 0.000 | 1.000 |  0.500  |  1.000 
  10  | 1.258778e+02 | 0.001 | 0.0000e+00 | 0.000 | 1.000 |  0.500  |  1.000 
  11  | 1.258778e+02 | 0.001 | 0.0000e+00 | 0.000 | 1.000 |  0.500  |  1.000 
  12  | 1.258778e+02 | 0.001 | 0.0000e+00 | 0.000 | 1.000 |  0.500  |  1.000 
  13  | 1.258778e+02 | 0.001 | 0.0000e+00 | 0.000 | 1.000 |  0.500  |  1.000 
  14  | 1.258778e+02 | 0.001 | 0.0000e+00 | 0.000 | 1.000 |  0.500  |  1.000 
  15  | 1.258778e+02 | 0.001 | 0.0000e+00 | 0.000 | 1.000 |  0.500  |  1.000 
  16  | 1.258778e+02 | 0.001 | 0.0000e+00 | 0.000 | 1.000 |  0.500  |  1.000 
  17  | 1.258778e+02 | 0.001 | 0.0000e+00 | 0.000 | 1.000 |  0.500  |  1.000 
  18  | 1.258778e+02 | 0.001 | 0.0000e+00 | 0.000 | 1.000 |  0.500  |  1.000 
  19  | 1.258778e+02 | 0.001 | 0.0000e+00 | 0.000 | 1.000 |  0.500  |  1.000 
  20  | 1.258778e+02 | 0.001 | 0.0000e+00 | 0.000 | 1.000 |  0.500  |  1.000 
  21  | 1.258778e+02 | 0.001 | 0.0000e+00 | 0.000 | 1.000 |  0.500  |  1.000 
  22  | 1.258778e+02 | 0.001 | 0.0000e+00 | 0.000 | 1.000 |  0.500  |  1.000 
  23  | 1.258778e+02 | 0.001 | 0.0000e+00 | 0.000 | 1.000 |  0.500  |  1.000 
  24  | 1.258778e+02 | 0.001 | 0.0000e+00 | 0.000 | 1.000 |  0.500  |  1.000 
  25  | 1.258778e+02 | 0.001 | 0.0000e+00 | 0.000 | 1.000 |  0.500  |  1.000 
  26  | 1.258778e+02 | 0.001 | 0.0000e+00 | 0.000 | 1.000 |  0.500  |  1.000 
  27  | 1.258778e+02 | 0.001 | 0.0000e+00 | 0.000 | 1.000 |  0.500  |  1.000 
  28  | 1.258778e+02 | 0.001 | 0.0000e+00 | 0.000 | 1.000 |  0.500  |  1.000 
  29  | 1.258778e+02 | 0.001 | 0.0000e+00 | 0.000 | 1.000 |  0.500  |  1.000 
  30  | 1.258778e+02 | 0.001 | 0.0000e+00 | 0.000 | 1.000 |  0.500  |  1.000 
  31  | 1.258778e+02 | 0.001 | 0.0000e+00 | 0.000 | 1.000 |  0.500  |  1.000 
  32  | 1.258778e+02 | 0.001 | 0.0000e+00 | 0.000 | 1.000 |  0.500  |  1.000 
  33  | 1.258778e+02 | 0.001 | 0.0000e+00 | 0.000 | 1.000 |  0.500  |  1.000 
  34  | 1.258778e+02 | 0.001 | 0.0000e+00 | 0.000 | 1.000 |  0.500  |  1.000 
  35  | 1.258778e+02 | 0.001 | 0.0000e+00 | 0.000 | 1.000 |  0.500  |  1.000 
  36  | 1.258778e+02 | 0.001 | 0.0000e+00 | 0.000 | 1.000 |  0.500  |  1.000 
  37  | 1.258778e+02 | 0.001 | 0.0000e+00 | 0.000 | 1.000 |  0.500  |  1.000 
  38  | 1.258778e+02 | 0.001 | 0.0000e+00 | 0.000 | 1.000 |  0.500  |  1.000 
  39  | 1.258778e+02 | 0.001 | 0.0000e+00 | 0.000 | 1.000 |  0.500  |  1.000 
  40  | 1.258778e+02 | 0.001 | 0.0000e+00 | 0.000 | 1.000 |  0.500  |  1.000 
  41  | 1.258778e+02 | 0.001 | 0.0000e+00 | 0.000 | 1.000 |  0.500  |  1.000 
  42  | 1.258778e+02 | 0.001 | 0.0000e+00 | 0.000 | 1.000 |  0.500  |  1.000 
  43  | 1.258778e+02 | 0.001 | 0.0000e+00 | 0.000 | 1.000 |  0.500  |  1.000 
  44  | 1.258778e+02 | 0.001 | 0.0000e+00 | 0.000 | 1.000 |  0.500  |  1.000 
  45  | 1.258778e+02 | 0.001 | 0.0000e+00 | 0.000 | 1.000 |  0.500  |  1.000 
  46  | 1.258778e+02 | 0.001 | 0.0000e+00 | 0.000 | 1.000 |  0.500  |  1.000 
  47  | 1.258778e+02 | 0.001 | 0.0000e+00 | 0.000 | 1.000 |  0.500  |  1.000 
  48  | 1.258778e+02 | 0.001 | 0.0000e+00 | 0.000 | 1.000 |  0.500  |  1.000 
  49  | 1.258778e+02 | 0.001 | 0.0000e+00 | 0.000 | 1.000 |  0.500  |  1.000 
  50  | 1.258778e+02 | 0.001 | 0.0000e+00 | 0.000 | 1.000 |  0.500  |  1.000 
  51  | 1.258778e+02 | 0.001 | 0.0000e+00 | 0.000 | 1.000 |  0.500  |  1.000 
  52  | 1.258778e+02 | 0.001 | 0.0000e+00 | 0.000 | 1.000 |  0.500  |  1.000 
  53  | 1.258778e+02 | 0.001 | 0.0000e+00 | 0.000 | 1.000 |  0.500  |  1.000 
  54  | 1.258778e+02 | 0.001 | 0.0000e+00 | 0.000 | 1.000 |  0.500  |  1.000 
  55  | 1.258778e+02 | 0.001 | 0.0000e+00 | 0.000 | 1.000 |  0.500  |  1.000 
  56  | 1.258778e+02 | 0.001 | 0.0000e+00 | 0.000 | 1.000 |  0.500  |  1.000 
  57  | 1.258778e+02 | 0.001 | 0.0000e+00 | 0.000 | 1.000 |  0.500  |  1.000 
  58  | 1.258778e+02 | 0.001 | 0.0000e+00 | 0.000 | 1.000 |  0.500  |  1.000 
  59  | 1.258778e+02 | 0.001 | 0.0000e+00 | 0.000 | 1.000 |  0.500  |  1.000 
  60  | 1.258778e+02 | 0.001 | 0.0000e+00 | 0.000 | 1.000 |  0.500  |  1.000 
  61  | 1.258778e+02 | 0.001 | 0.0000e+00 | 0.000 | 1.000 |  0.500  |  1.000 
  62  | 1.258778e+02 | 0.001 | 0.0000e+00 | 0.000 | 1.000 |  0.500  |  1.000 
  63  | 1.258778e+02 | 0.001 | 0.0000e+00 | 0.000 | 1.000 |  0.500  |  1.000 
  64  | 1.258778e+02 | 0.001 | 0.0000e+00 | 0.000 | 1.000 |  0.500  |  1.000 
  65  | 1.258778e+02 | 0.001 | 0.0000e+00 | 0.000 | 1.000 |  0.500  |  1.000 
  66  | 1.258778e+02 | 0.001 | 0.0000e+00 | 0.000 | 1.000 |  0.500  |  1.000 
  67  | 1.258778e+02 | 0.001 | 0.0000e+00 | 0.000 | 1.000 |  0.500  |  1.000 
  68  | 1.258778e+02 | 0.001 | 0.0000e+00 | 0.000 | 1.000 |  0.500  |  1.000 
  69  | 1.258778e+02 | 0.001 | 0.0000e+00 | 0.000 | 1.000 |  0.500  |  1.000 
  70  | 1.258778e+02 | 0.001 | 0.0000e+00 | 0.000 | 1.000 |  0.500  |  1.000 
  71  | 1.258778e+02 | 0.001 | 0.0000e+00 | 0.000 | 1.000 |  0.500  |  1.000 
  72  | 1.258778e+02 | 0.001 | 0.0000e+00 | 0.000 | 1.000 |  0.500  |  1.000 
  73  | 1.258778e+02 | 0.001 | 0.0000e+00 | 0.000 | 1.000 |  0.500  |  1.000 
  74  | 1.258778e+02 | 0.001 | 0.0000e+00 | 0.000 | 1.000 |  0.500  |  1.000 
  75  | 1.258778e+02 | 0.001 | 0.0000e+00 | 0.000 | 1.000 |  0.500  |  1.000 
  76  | 1.258778e+02 | 0.001 | 0.0000e+00 | 0.000 | 1.000 |  0.500  |  1.000 
  77  | 1.258778e+02 | 0.001 | 0.0000e+00 | 0.000 | 1.000 |  0.500  |  1.000 
  78  | 1.258778e+02 | 0.001 | 0.0000e+00 | 0.000 | 1.000 |  0.500  |  1.000 
  79  | 1.258778e+02 | 0.001 | 0.0000e+00 | 0.000 | 1.000 |  0.500  |  1.000 
  80  | 1.258778e+02 | 0.001 | 0.0000e+00 | 0.000 | 1.000 |  0.500  |  1.000 
  81  | 1.258778e+02 | 0.001 | 0.0000e+00 | 0.000 | 1.000 |  0.500  |  1.000 
  82  | 1.258778e+02 | 0.001 | 0.0000e+00 | 0.000 | 1.000 |  0.500  |  1.000 
  83  | 1.258778e+02 | 0.001 | 0.0000e+00 | 0.000 | 1.000 |  0.500  |  1.000 
  84  | 1.258778e+02 | 0.001 | 0.0000e+00 | 0.000 | 1.000 |  0.500  |  1.000 
  85  | 1.258778e+02 | 0.001 | 0.0000e+00 | 0.000 | 1.000 |  0.500  |  1.000 
  86  | 1.258778e+02 | 0.001 | 0.0000e+00 | 0.000 | 1.000 |  0.500  |  1.000 
  87  | 1.258778e+02 | 0.001 | 0.0000e+00 | 0.000 | 1.000 |  0.500  |  1.000 
  88  | 1.258778e+02 | 0.001 | 0.0000e+00 | 0.000 | 1.000 |  0.500  |  1.000 
  89  | 1.258778e+02 | 0.001 | 0.0000e+00 | 0.000 | 1.000 |  0.500  |  1.000 
  90  | 1.258778e+02 | 0.001 | 0.0000e+00 | 0.000 | 1.000 |  0.500  |  1.000 
  91  | 1.258778e+02 | 0.001 | 0.0000e+00 | 0.000 | 1.000 |  0.500  |  1.000 
  92  | 1.258778e+02 | 0.001 | 0.0000e+00 | 0.000 | 1.000 |  0.500  |  1.000 
  93  | 1.258778e+02 | 0.001 | 0.0000e+00 | 0.000 | 1.000 |  0.500  |  1.000 
  94  | 1.258778e+02 | 0.001 | 0.0000e+00 | 0.000 | 1.000 |  0.500  |  1.000 
  95  | 1.258778e+02 | 0.001 | 0.0000e+00 | 0.000 | 1.000 |  0.500  |  1.000 
  96  | 1.258778e+02 | 0.001 | 0.0000e+00 | 0.000 | 1.000 |  0.500  |  1.000 
  97  | 1.258778e+02 | 0.001 | 0.0000e+00 | 0.000 | 1.000 |  0.500  |  1.000 
  98  | 1.258778e+02 | 0.001 | 0.0000e+00 | 0.000 | 1.000 |  0.500  |  1.000 
  99  | 1.258778e+02 | 0.001 | 0.0000e+00 | 0.000 | 1.000 |  0.500  |  1.000 
 100  | 1.258778e+02 | 0.001 | 0.0000e+00 | 0.000 | 1.000 |  0.500  |  1.000 
 101  | 1.258778e+02 | 0.001 | 0.0000e+00 | 0.000 | 1.000 |  0.500  |  1.000 
 102  | 1.258778e+02 | 0.001 | 0.0000e+00 | 0.000 | 1.000 |  0.500  |  1.000 
 103  | 1.258778e+02 | 0.001 | 0.0000e+00 | 0.000 | 1.000 |  0.500  |  1.000 
 104  | 1.258778e+02 | 0.001 | 0.0000e+00 | 0.000 | 1.000 |  0.500  |  1.000 
 105  | 1.258778e+02 | 0.001 | 0.0000e+00 | 0.000 | 1.000 |  0.500  |  1.000 
 106  | 1.258778e+02 | 0.001 | 0.0000e+00 | 0.000 | 1.000 |  0.500  |  1.000 
 107  | 1.258778e+02 | 0.001 | 0.0000e+00 | 0.000 | 1.000 |  0.500  |  1.000 
 108  | 1.258778e+02 | 0.001 | 0.0000e+00 | 0.000 | 1.000 |  0.500  |  1.000 
 109  | 1.258778e+02 | 0.001 | 0.0000e+00 | 0.000 | 1.000 |  0.500  |  1.000 
 110  | 1.258778e+02 | 0.001 | 0.0000e+00 | 0.000 | 1.000 |  0.500  |  1.000 
 111  | 1.258778e+02 | 0.001 | 0.0000e+00 | 0.000 | 1.000 |  0.500  |  1.000 
 112  | 1.258778e+02 | 0.001 | 0.0000e+00 | 0.000 | 1.000 |  0.500  |  1.000 
 113  | 1.258778e+02 | 0.001 | 0.0000e+00 | 0.000 | 1.000 |  0.500  |  1.000 
 114  | 1.258778e+02 | 0.001 | 0.0000e+00 | 0.000 | 1.000 |  0.500  |  1.000 
 115  | 1.258778e+02 | 0.001 | 0.0000e+00 | 0.000 | 1.000 |  0.500  |  1.000 
 116  | 1.258778e+02 | 0.001 | 0.0000e+00 | 0.000 | 1.000 |  0.500  |  1.000 
 117  | 1.258778e+02 | 0.001 | 0.0000e+00 | 0.000 | 1.000 |  0.500  |  1.000 
 118  | 1.258778e+02 | 0.001 | 0.0000e+00 | 0.000 | 1.000 |  0.500  |  1.000 
 119  | 1.258778e+02 | 0.001 | 0.0000e+00 | 0.000 | 1.000 |  0.500  |  1.000 
 120  | 1.258778e+02 | 0.001 | 0.0000e+00 | 0.000 | 1.000 |  0.500  |  1.000 
 121  | 1.258778e+02 | 0.001 | 0.0000e+00 | 0.000 | 1.000 |  0.500  |  1.000 
 122  | 1.258778e+02 | 0.001 | 0.0000e+00 | 0.000 | 1.000 |  0.500  |  1.000 
 123  | 1.258778e+02 | 0.001 | 0.0000e+00 | 0.000 | 1.000 |  0.500  |  1.000 
 124  | 1.258778e+02 | 0.001 | 0.0000e+00 | 0.000 | 1.000 |  0.500  |  1.000 
 125  | 1.258778e+02 | 0.001 | 0.0000e+00 | 0.000 | 1.000 |  0.500  |  1.000 
 126  | 1.258778e+02 | 0.001 | 0.0000e+00 | 0.000 | 1.000 |  0.500  |  1.000 
 127  | 1.258778e+02 | 0.001 | 0.0000e+00 | 0.000 | 1.000 |  0.500  |  1.000 
 128  | 1.258778e+02 | 0.001 | 0.0000e+00 | 0.000 | 1.000 |  0.500  |  1.000 
 129  | 1.258778e+02 | 0.001 | 0.0000e+00 | 0.000 | 1.000 |  0.500  |  1.000 
 130  | 1.258778e+02 | 0.001 | 0.0000e+00 | 0.000 | 1.000 |  0.500  |  1.000 
 131  | 1.258778e+02 | 0.001 | 0.0000e+00 | 0.000 | 1.000 |  0.500  |  1.000 
 132  | 1.258778e+02 | 0.001 | 0.0000e+00 | 0.000 | 1.000 |  0.500  |  1.000 
 133  | 1.258778e+02 | 0.001 | 0.0000e+00 | 0.000 | 1.000 |  0.500  |  1.000 
 134  | 1.258778e+02 | 0.001 | 0.0000e+00 | 0.000 | 1.000 |  0.500  |  1.000 
 135  | 1.258778e+02 | 0.001 | 0.0000e+00 | 0.000 | 1.000 |  0.500  |  1.000 
 136  | 1.258778e+02 | 0.001 | 0.0000e+00 | 0.000 | 1.000 |  0.500  |  1.000 
 137  | 1.258778e+02 | 0.001 | 0.0000e+00 | 0.000 | 1.000 |  0.500  |  1.000 
 138  | 1.258778e+02 | 0.001 | 0.0000e+00 | 0.000 | 1.000 |  0.500  |  1.000 
 139  | 1.258778e+02 | 0.001 | 0.0000e+00 | 0.000 | 1.000 |  0.500  |  1.000 
 140  | 1.258778e+02 | 0.001 | 0.0000e+00 | 0.000 | 1.000 |  0.500  |  1.000 
 141  | 1.258778e+02 | 0.001 | 0.0000e+00 | 0.000 | 1.000 |  0.500  |  1.000 
 142  | 1.258778e+02 | 0.001 | 0.0000e+00 | 0.000 | 1.000 |  0.500  |  1.000 
 143  | 1.258778e+02 | 0.001 | 0.0000e+00 | 0.000 | 1.000 |  0.500  |  1.000 
 144  | 1.258778e+02 | 0.001 | 0.0000e+00 | 0.000 | 1.000 |  0.500  |  1.000 
 145  | 1.258778e+02 | 0.001 | 0.0000e+00 | 0.000 | 1.000 |  0.500  |  1.000 
 146  | 1.258778e+02 | 0.001 | 0.0000e+00 | 0.000 | 1.000 |  0.500  |  1.000 
 147  | 1.258778e+02 | 0.001 | 0.0000e+00 | 0.000 | 1.000 |  0.500  |  1.000 
 148  | 1.258778e+02 | 0.001 | 0.0000e+00 | 0.000 | 1.000 |  0.500  |  1.000 
 149  | 1.258778e+02 | 0.001 | 0.0000e+00 | 0.000 | 1.000 |  0.500  |  1.000 
 150  | 1.258778e+02 | 0.001 | 0.0000e+00 | 0.000 | 1.000 |  0.500  |  1.000 
 151  | 1.258778e+02 | 0.001 | 0.0000e+00 | 0.000 | 1.000 |  0.500  |  1.000 
 152  | 1.258778e+02 | 0.001 | 0.0000e+00 | 0.000 | 1.000 |  0.500  |  1.000 
 153  | 1.258778e+02 | 0.001 | 0.0000e+00 | 0.000 | 1.000 |  0.500  |  1.000 
 154  | 1.258778e+02 | 0.001 | 0.0000e+00 | 0.000 | 1.000 |  0.500  |  1.000 
 155  | 1.258778e+02 | 0.001 | 0.0000e+00 | 0.000 | 1.000 |  0.500  |  1.000 
 156  | 1.258778e+02 | 0.001 | 0.0000e+00 | 0.000 | 1.000 |  0.500  |  1.000 
 157  | 1.258778e+02 | 0.001 | 0.0000e+00 | 0.000 | 1.000 |  0.500  |  1.000 
 158  | 1.258778e+02 | 0.001 | 0.0000e+00 | 0.000 | 1.000 |  0.500  |  1.000 
 159  | 1.258778e+02 | 0.001 | 0.0000e+00 | 0.000 | 1.000 |  0.500  |  1.000 
 160  | 1.258778e+02 | 0.001 | 0.0000e+00 | 0.000 | 1.000 |  0.500  |  1.000 
 161  | 1.258778e+02 | 0.001 | 0.0000e+00 | 0.000 | 1.000 |  0.500  |  1.000 
 162  | 1.258778e+02 | 0.001 | 0.0000e+00 | 0.000 | 1.000 |  0.500  |  1.000 
 163  | 1.258778e+02 | 0.001 | 0.0000e+00 | 0.000 | 1.000 |  0.500  |  1.000 
 164  | 1.258778e+02 | 0.001 | 0.0000e+00 | 0.000 | 1.000 |  0.500  |  1.000 
 165  | 1.258778e+02 | 0.001 | 0.0000e+00 | 0.000 | 1.000 |  0.500  |  1.000 
 166  | 1.258778e+02 | 0.001 | 0.0000e+00 | 0.000 | 1.000 |  0.500  |  1.000 
 167  | 1.258778e+02 | 0.001 | 0.0000e+00 | 0.000 | 1.000 |  0.500  |  1.000 
 168  | 1.258778e+02 | 0.001 | 0.0000e+00 | 0.000 | 1.000 |  0.500  |  1.000 
 169  | 1.258778e+02 | 0.001 | 0.0000e+00 | 0.000 | 1.000 |  0.500  |  1.000 
 170  | 1.258778e+02 | 0.001 | 0.0000e+00 | 0.000 | 1.000 |  0.500  |  1.000 
 171  | 1.258778e+02 | 0.001 | 0.0000e+00 | 0.000 | 1.000 |  0.500  |  1.000 
 172  | 1.258778e+02 | 0.001 | 0.0000e+00 | 0.000 | 1.000 |  0.500  |  1.000 
 173  | 1.258778e+02 | 0.001 | 0.0000e+00 | 0.000 | 1.000 |  0.500  |  1.000 
 174  | 1.258778e+02 | 0.001 | 0.0000e+00 | 0.000 | 1.000 |  0.500  |  1.000 
 175  | 1.258778e+02 | 0.001 | 0.0000e+00 | 0.000 | 1.000 |  0.500  |  1.000 
 176  | 1.258778e+02 | 0.001 | 0.0000e+00 | 0.000 | 1.000 |  0.500  |  1.000 
 177  | 1.258778e+02 | 0.001 | 0.0000e+00 | 0.000 | 1.000 |  0.500  |  1.000 
 178  | 1.258778e+02 | 0.001 | 0.0000e+00 | 0.000 | 1.000 |  0.500  |  1.000 
 179  | 1.258778e+02 | 0.001 | 0.0000e+00 | 0.000 | 1.000 |  0.500  |  1.000 
 180  | 1.258778e+02 | 0.001 | 0.0000e+00 | 0.000 | 1.000 |  0.500  |  1.000 
 181  | 1.258778e+02 | 0.001 | 0.0000e+00 | 0.000 | 1.000 |  0.500  |  1.000 
 182  | 1.258778e+02 | 0.001 | 0.0000e+00 | 0.000 | 1.000 |  0.500  |  1.000 
 183  | 1.258778e+02 | 0.001 | 0.0000e+00 | 0.000 | 1.000 |  0.500  |  1.000 
 184  | 1.258778e+02 | 0.001 | 0.0000e+00 | 0.000 | 1.000 |  0.500  |  1.000 
 185  | 1.258778e+02 | 0.001 | 0.0000e+00 | 0.000 | 1.000 |  0.500  |  1.000 
 186  | 1.258778e+02 | 0.001 | 0.0000e+00 | 0.000 | 1.000 |  0.500  |  1.000 
 187  | 1.258778e+02 | 0.001 | 0.0000e+00 | 0.000 | 1.000 |  0.500  |  1.000 
 188  | 1.258778e+02 | 0.001 | 0.0000e+00 | 0.000 | 1.000 |  0.500  |  1.000 
 189  | 1.258778e+02 | 0.001 | 0.0000e+00 | 0.000 | 1.000 |  0.500  |  1.000 
 190  | 1.258778e+02 | 0.001 | 0.0000e+00 | 0.000 | 1.000 |  0.500  |  1.000 
 191  | 1.258778e+02 | 0.001 | 0.0000e+00 | 0.000 | 1.000 |  0.500  |  1.000 
 192  | 1.258778e+02 | 0.001 | 0.0000e+00 | 0.000 | 1.000 |  0.500  |  1.000 
 193  | 1.258778e+02 | 0.001 | 0.0000e+00 | 0.000 | 1.000 |  0.500  |  1.000 
 194  | 1.258778e+02 | 0.001 | 0.0000e+00 | 0.000 | 1.000 |  0.500  |  1.000 
 195  | 1.258778e+02 | 0.001 | 0.0000e+00 | 0.000 | 1.000 |  0.500  |  1.000 
 196  | 1.258778e+02 | 0.001 | 0.0000e+00 | 0.000 | 1.000 |  0.500  |  1.000 
 197  | 1.258778e+02 | 0.001 | 0.0000e+00 | 0.000 | 1.000 |  0.500  |  1.000 
 198  | 1.258778e+02 | 0.001 | 0.0000e+00 | 0.000 | 1.000 |  0.500  |  1.000 
 199  | 1.258778e+02 | 0.001 | 0.0000e+00 | 0.000 | 1.000 |  0.500  |  1.000 
 200  | 1.258778e+02 | 0.001 | 0.0000e+00 | 0.000 | 1.000 |  0.500  |  1.000 
 201  | 1.258778e+02 | 0.001 | 0.0000e+00 | 0.000 | 1.000 |  0.500  |  1.000 
 202  | 1.258778e+02 | 0.001 | 0.0000e+00 | 0.000 | 1.000 |  0.500  |  1.000 
 203  | 1.258778e+02 | 0.001 | 0.0000e+00 | 0.000 | 1.000 |  0.500  |  1.000 
 204  | 1.258778e+02 | 0.001 | 0.0000e+00 | 0.000 | 1.000 |  0.500  |  1.000 
 205  | 1.258778e+02 | 0.001 | 0.0000e+00 | 0.000 | 1.000 |  0.500  |  1.000 
 206  | 1.258778e+02 | 0.001 | 0.0000e+00 | 0.000 | 1.000 |  0.500  |  1.000 
 207  | 1.258778e+02 | 0.001 | 0.0000e+00 | 0.000 | 1.000 |  0.500  |  1.000 
 208  | 1.258778e+02 | 0.001 | 0.0000e+00 | 0.000 | 1.000 |  0.500  |  1.000 
 209  | 1.258778e+02 | 0.001 | 0.0000e+00 | 0.000 | 1.000 |  0.500  |  1.000 
 210  | 1.258778e+02 | 0.001 | 0.0000e+00 | 0.000 | 1.000 |  0.500  |  1.000 
 211  | 1.258778e+02 | 0.001 | 0.0000e+00 | 0.000 | 1.000 |  0.500  |  1.000 
 212  | 1.258778e+02 | 0.001 | 0.0000e+00 | 0.000 | 1.000 |  0.500  |  1.000 
 213  | 1.258778e+02 | 0.001 | 0.0000e+00 | 0.000 | 1.000 |  0.500  |  1.000 
 214  | 1.258778e+02 | 0.001 | 0.0000e+00 | 0.000 | 1.000 |  0.500  |  1.000 
 215  | 1.258778e+02 | 0.001 | 0.0000e+00 | 0.000 | 1.000 |  0.500  |  1.000 
 216  | 1.258778e+02 | 0.001 | 0.0000e+00 | 0.000 | 1.000 |  0.500  |  1.000 
 217  | 1.258778e+02 | 0.001 | 0.0000e+00 | 0.000 | 1.000 |  0.500  |  1.000 
 218  | 1.258778e+02 | 0.001 | 0.0000e+00 | 0.000 | 1.000 |  0.500  |  1.000 
 219  | 1.258778e+02 | 0.001 | 0.0000e+00 | 0.000 | 1.000 |  0.500  |  1.000 
 220  | 1.258778e+02 | 0.001 | 0.0000e+00 | 0.000 | 1.000 |  0.500  |  1.000 
 221  | 1.258778e+02 | 0.001 | 0.0000e+00 | 0.000 | 1.000 |  0.500  |  1.000 
 222  | 1.258778e+02 | 0.001 | 0.0000e+00 | 0.000 | 1.000 |  0.500  |  1.000 
 223  | 1.258778e+02 | 0.001 | 0.0000e+00 | 0.000 | 1.000 |  0.500  |  1.000 
 224  | 1.258778e+02 | 0.001 | 0.0000e+00 | 0.000 | 1.000 |  0.500  |  1.000 
 225  | 1.258778e+02 | 0.001 | 0.0000e+00 | 0.000 | 1.000 |  0.500  |  1.000 
 226  | 1.258778e+02 | 0.001 | 0.0000e+00 | 0.000 | 1.000 |  0.500  |  1.000 
 227  | 1.258778e+02 | 0.001 | 0.0000e+00 | 0.000 | 1.000 |  0.500  |  1.000 
 228  | 1.258778e+02 | 0.001 | 0.0000e+00 | 0.000 | 1.000 |  0.500  |  1.000 
 229  | 1.258778e+02 | 0.001 | 0.0000e+00 | 0.000 | 1.000 |  0.500  |  1.000 
 230  | 1.258778e+02 | 0.001 | 0.0000e+00 | 0.000 | 1.000 |  0.500  |  1.000 
 231  | 1.258778e+02 | 0.001 | 0.0000e+00 | 0.000 | 1.000 |  0.500  |  1.000 
 232  | 1.258778e+02 | 0.001 | 0.0000e+00 | 0.000 | 1.000 |  0.500  |  1.000 
 233  | 1.258778e+02 | 0.001 | 0.0000e+00 | 0.000 | 1.000 |  0.500  |  1.000 
 234  | 1.258778e+02 | 0.001 | 0.0000e+00 | 0.000 | 1.000 |  0.500  |  1.000 
 235  | 1.258778e+02 | 0.001 | 0.0000e+00 | 0.000 | 1.000 |  0.500  |  1.000 
 236  | 1.258778e+02 | 0.001 | 0.0000e+00 | 0.000 | 1.000 |  0.500  |  1.000 
 237  | 1.258778e+02 | 0.001 | 0.0000e+00 | 0.000 | 1.000 |  0.500  |  1.000 
 238  | 1.258778e+02 | 0.001 | 0.0000e+00 | 0.000 | 1.000 |  0.500  |  1.000 
 239  | 1.258778e+02 | 0.001 | 0.0000e+00 | 0.000 | 1.000 |  0.500  |  1.000 
 240  | 1.258778e+02 | 0.001 | 0.0000e+00 | 0.000 | 1.000 |  0.500  |  1.000 
 241  | 1.258778e+02 | 0.001 | 0.0000e+00 | 0.000 | 1.000 |  0.500  |  1.000 
 242  | 1.258778e+02 | 0.001 | 0.0000e+00 | 0.000 | 1.000 |  0.500  |  1.000 
 243  | 1.258778e+02 | 0.001 | 0.0000e+00 | 0.000 | 1.000 |  0.500  |  1.000 
 244  | 1.258778e+02 | 0.001 | 0.0000e+00 | 0.000 | 1.000 |  0.500  |  1.000 
 245  | 1.258778e+02 | 0.001 | 0.0000e+00 | 0.000 | 1.000 |  0.500  |  1.000 
 246  | 1.258778e+02 | 0.001 | 0.0000e+00 | 0.000 | 1.000 |  0.500  |  1.000 
 247  | 1.258778e+02 | 0.001 | 0.0000e+00 | 0.000 | 1.000 |  0.500  |  1.000 
 248  | 1.258778e+02 | 0.001 | 0.0000e+00 | 0.000 | 1.000 |  0.500  |  1.000 
 249  | 1.258778e+02 | 0.001 | 0.0000e+00 | 0.000 | 1.000 |  0.500  |  1.000 
 250  | 1.258778e+02 | 0.001 | 0.0000e+00 | 0.000 | 1.000 |  0.500  |  1.000 

- Solid plus void to total elements fraction = `1.00000`

- ` 250 ` iterations took `0.586 minutes` (0.002 min/iter or 0.141 sec/iter)

- Average of all ETA's = `0.500` (average of all a's = 1.000)
[ToPy Problem Definition File v2007]
# TPD file generated by tpd-generator.py

PROB_NAME  : volfrac_0.4_filtrad_1.5_eta_0.5
PROB_TYPE  : comp
VOL_FRAC   : 0.4
NUM_ITER   : 250
ETA        : 0.5
ELEM_K     : Q4
FILT_RAD   : 1.5
P_FAC      : 0.2

DOF_PN     : 2
NUM_ELEM_X : 60
NUM_ELEM_Y : 20
NUM_ELEM_Z : 0
FXTR_NODE_X: 1|21
FXTR_NODE_Y: 1281
LOAD_NODE_Y: 1
LOAD_VALU_Y: -1


TPD file name: volfrac_0.4_filtrad_1.5_eta_0.5.tpd (v2007)
===============================================================================

```
Domain discretisation (NUM_ELEM_X x NUM_ELEM_Y) = 60 x 20
Element type (ELEM_K) = Q4
Filter radius (FILT_RAD) = 1.5
Number of iterations (NUM_ITER) = 250
Problem type (PROB_TYPE) = comp
Problem name (PROB_NAME) = volfrac_0.4_filtrad_1.5_eta_0.5
Continuation of penalisation factor (P_FAC) not specified
GSF not active
Damping factor (ETA) = 0.50
No passive elements (PASV_ELEM) specified
No active elements (ACTV_ELEM) specified
```

-------------------------------------------------------------------------------
 Iter | Obj. func.   | Vol.  | Change     | P_FAC | Q_FAC | Ave ETA | S-V frac. 
 ----:|-------------:|------:|-----------:|------:|------:|--------:|---------:
   1  | 1.511949e+02 | 0.400 | 2.0000e-01 | 0.200 | 1.000 |  0.500  |  0.000 
   2  | 1.425166e+02 | 0.400 | 2.0000e-01 | 0.200 | 1.000 |  0.500  |  0.000 
   3  | 1.381472e+02 | 0.400 | 2.0000e-01 | 0.200 | 1.000 |  0.500  |  0.119 
   4  | 1.359134e+02 | 0.400 | 1.0256e-01 | 0.200 | 1.000 |  0.500  |  0.151 
   5  | 1.358265e+02 | 0.400 | 5.0017e-02 | 0.200 | 1.000 |  0.500  |  0.166 
   6  | 1.358077e+02 | 0.400 | 2.3803e-02 | 0.200 | 1.000 |  0.500  |  0.172 
   7  | 1.358019e+02 | 0.400 | 1.2058e-02 | 0.200 | 1.000 |  0.500  |  0.176 
   8  | 1.357997e+02 | 0.400 | 5.8832e-03 | 0.200 | 1.000 |  0.500  |  0.178 
   9  | 1.357988e+02 | 0.400 | 3.0791e-03 | 0.200 | 1.000 |  0.500  |  0.178 
  10  | 1.357984e+02 | 0.400 | 1.6084e-03 | 0.200 | 1.000 |  0.500  |  0.178 
  11  | 1.357981e+02 | 0.400 | 8.5575e-04 | 0.200 | 1.000 |  0.500  |  0.178 
  12  | 1.357980e+02 | 0.400 | 4.5577e-04 | 0.200 | 1.000 |  0.500  |  0.178 
  13  | 1.357980e+02 | 0.400 | 2.4303e-04 | 0.200 | 1.000 |  0.500  |  0.178 
  14  | 1.357979e+02 | 0.400 | 1.2972e-04 | 0.200 | 1.000 |  0.500  |  0.178 
  15  | 1.357979e+02 | 0.400 | 6.9322e-05 | 0.200 | 1.000 |  0.500  |  0.178 
  16  | 1.357979e+02 | 0.400 | 3.7095e-05 | 0.200 | 1.000 |  0.500  |  0.178 
  17  | 1.357979e+02 | 0.400 | 1.9865e-05 | 0.200 | 1.000 |  0.500  |  0.178 
  18  | 1.357979e+02 | 0.400 | 1.0637e-05 | 0.200 | 1.000 |  0.500  |  0.178 
  19  | 1.357979e+02 | 0.400 | 5.7170e-06 | 0.200 | 1.000 |  0.500  |  0.178 
  20  | 1.357979e+02 | 0.400 | 3.1119e-06 | 0.200 | 1.000 |  0.500  |  0.178 
  21  | 1.357979e+02 | 0.400 | 1.7423e-06 | 0.200 | 1.000 |  0.500  |  0.178 
  22  | 1.357979e+02 | 0.400 | 9.6893e-07 | 0.200 | 1.000 |  0.500  |  0.178 
  23  | 1.357979e+02 | 0.400 | 5.4066e-07 | 0.200 | 1.000 |  0.500  |  0.178 
  24  | 1.357979e+02 | 0.400 | 3.1615e-07 | 0.200 | 1.000 |  0.500  |  0.178 
  25  | 1.357979e+02 | 0.400 | 1.6133e-07 | 0.200 | 1.000 |  0.500  |  0.178 
  26  | 1.357979e+02 | 0.400 | 1.0567e-07 | 0.200 | 1.000 |  0.500  |  0.178 
  27  | 1.357979e+02 | 0.400 | 4.4682e-08 | 0.200 | 1.000 |  0.500  |  0.178 
  28  | 1.357979e+02 | 0.400 | 4.0085e-08 | 0.200 | 1.000 |  0.500  |  0.178 
  29  | 1.357979e+02 | 0.400 | 1.6821e-08 | 0.200 | 1.000 |  0.500  |  0.178 
  30  | 1.357979e+02 | 0.400 | 1.9678e-08 | 0.200 | 1.000 |  0.500  |  0.178 
  31  | 1.357979e+02 | 0.400 | 1.3346e-08 | 0.200 | 1.000 |  0.500  |  0.178 
  32  | 1.357979e+02 | 0.400 | 1.4377e-08 | 0.200 | 1.000 |  0.500  |  0.178 
  33  | 1.357979e+02 | 0.400 | 1.2174e-08 | 0.200 | 1.000 |  0.500  |  0.178 
  34  | 1.357979e+02 | 0.400 | 1.3155e-08 | 0.200 | 1.000 |  0.500  |  0.178 
  35  | 1.357979e+02 | 0.400 | 1.2407e-08 | 0.200 | 1.000 |  0.500  |  0.178 
  36  | 1.357979e+02 | 0.400 | 1.2768e-08 | 0.200 | 1.000 |  0.500  |  0.178 
  37  | 1.357979e+02 | 0.400 | 1.2561e-08 | 0.200 | 1.000 |  0.500  |  0.178 
  38  | 1.357979e+02 | 0.400 | 1.2670e-08 | 0.200 | 1.000 |  0.500  |  0.178 
  39  | 1.357979e+02 | 0.400 | 1.2610e-08 | 0.200 | 1.000 |  0.500  |  0.178 
  40  | 1.357979e+02 | 0.400 | 1.2643e-08 | 0.200 | 1.000 |  0.500  |  0.178 
  41  | 1.357979e+02 | 0.400 | 1.2623e-08 | 0.200 | 1.000 |  0.500  |  0.178 
  42  | 1.357979e+02 | 0.400 | 1.2635e-08 | 0.200 | 1.000 |  0.500  |  0.178 
  43  | 1.357979e+02 | 0.400 | 1.2628e-08 | 0.200 | 1.000 |  0.500  |  0.178 
  44  | 1.357979e+02 | 0.400 | 1.2631e-08 | 0.200 | 1.000 |  0.500  |  0.178 
  45  | 1.357979e+02 | 0.400 | 1.2630e-08 | 0.200 | 1.000 |  0.500  |  0.178 
  46  | 1.357979e+02 | 0.400 | 1.2632e-08 | 0.200 | 1.000 |  0.500  |  0.178 
  47  | 1.357979e+02 | 0.400 | 1.2630e-08 | 0.200 | 1.000 |  0.500  |  0.178 
  48  | 1.357979e+02 | 0.400 | 1.2631e-08 | 0.200 | 1.000 |  0.500  |  0.178 
  49  | 1.357979e+02 | 0.400 | 1.2631e-08 | 0.200 | 1.000 |  0.500  |  0.178 
  50  | 1.357979e+02 | 0.400 | 1.2631e-08 | 0.200 | 1.000 |  0.500  |  0.178 
  51  | 1.357979e+02 | 0.400 | 1.2630e-08 | 0.200 | 1.000 |  0.500  |  0.178 
  52  | 1.357979e+02 | 0.400 | 1.2630e-08 | 0.200 | 1.000 |  0.500  |  0.178 
  53  | 1.357979e+02 | 0.400 | 1.2629e-08 | 0.200 | 1.000 |  0.500  |  0.178 
  54  | 1.357979e+02 | 0.400 | 1.2630e-08 | 0.200 | 1.000 |  0.500  |  0.178 
  55  | 1.357979e+02 | 0.400 | 1.2631e-08 | 0.200 | 1.000 |  0.500  |  0.178 
  56  | 1.357979e+02 | 0.400 | 1.2630e-08 | 0.200 | 1.000 |  0.500  |  0.178 
  57  | 1.357979e+02 | 0.400 | 1.2631e-08 | 0.200 | 1.000 |  0.500  |  0.178 
  58  | 1.357979e+02 | 0.400 | 1.2631e-08 | 0.200 | 1.000 |  0.500  |  0.178 
  59  | 1.357979e+02 | 0.400 | 1.2630e-08 | 0.200 | 1.000 |  0.500  |  0.178 
  60  | 1.357979e+02 | 0.400 | 1.2630e-08 | 0.200 | 1.000 |  0.500  |  0.178 
  61  | 1.357979e+02 | 0.400 | 1.2631e-08 | 0.200 | 1.000 |  0.500  |  0.178 
  62  | 1.357979e+02 | 0.400 | 1.2630e-08 | 0.200 | 1.000 |  0.500  |  0.178 
  63  | 1.357979e+02 | 0.400 | 1.2630e-08 | 0.200 | 1.000 |  0.500  |  0.178 
  64  | 1.357979e+02 | 0.400 | 1.2632e-08 | 0.200 | 1.000 |  0.500  |  0.178 
  65  | 1.357979e+02 | 0.400 | 1.2632e-08 | 0.200 | 1.000 |  0.500  |  0.178 
  66  | 1.357979e+02 | 0.400 | 1.2628e-08 | 0.200 | 1.000 |  0.500  |  0.178 
  67  | 1.357979e+02 | 0.400 | 1.2627e-08 | 0.200 | 1.000 |  0.500  |  0.178 
  68  | 1.357979e+02 | 0.400 | 1.2632e-08 | 0.200 | 1.000 |  0.500  |  0.178 
  69  | 1.357979e+02 | 0.400 | 1.2631e-08 | 0.200 | 1.000 |  0.500  |  0.178 
  70  | 1.357979e+02 | 0.400 | 1.2629e-08 | 0.200 | 1.000 |  0.500  |  0.178 
  71  | 1.357979e+02 | 0.400 | 1.2632e-08 | 0.200 | 1.000 |  0.500  |  0.178 
  72  | 1.357979e+02 | 0.400 | 1.2632e-08 | 0.200 | 1.000 |  0.500  |  0.178 
  73  | 1.357979e+02 | 0.400 | 1.2632e-08 | 0.200 | 1.000 |  0.500  |  0.178 
  74  | 1.357979e+02 | 0.400 | 1.2629e-08 | 0.200 | 1.000 |  0.500  |  0.178 
  75  | 1.357979e+02 | 0.400 | 1.2628e-08 | 0.200 | 1.000 |  0.500  |  0.178 
  76  | 1.357979e+02 | 0.400 | 1.2630e-08 | 0.200 | 1.000 |  0.500  |  0.178 
  77  | 1.357979e+02 | 0.400 | 1.2632e-08 | 0.200 | 1.000 |  0.500  |  0.178 
  78  | 1.357979e+02 | 0.400 | 1.2633e-08 | 0.200 | 1.000 |  0.500  |  0.178 
  79  | 1.357979e+02 | 0.400 | 1.2629e-08 | 0.200 | 1.000 |  0.500  |  0.178 
  80  | 1.357979e+02 | 0.400 | 1.2627e-08 | 0.200 | 1.000 |  0.500  |  0.178 
  81  | 1.357979e+02 | 0.400 | 1.2631e-08 | 0.200 | 1.000 |  0.500  |  0.178 
  82  | 1.357979e+02 | 0.400 | 1.2632e-08 | 0.200 | 1.000 |  0.500  |  0.178 
  83  | 1.357979e+02 | 0.400 | 1.2632e-08 | 0.200 | 1.000 |  0.500  |  0.178 
  84  | 1.357979e+02 | 0.400 | 1.2630e-08 | 0.200 | 1.000 |  0.500  |  0.178 
  85  | 1.357979e+02 | 0.400 | 1.2626e-08 | 0.200 | 1.000 |  0.500  |  0.178 
  86  | 1.357979e+02 | 0.400 | 1.2630e-08 | 0.200 | 1.000 |  0.500  |  0.178 
  87  | 1.357979e+02 | 0.400 | 1.2632e-08 | 0.200 | 1.000 |  0.500  |  0.178 
  88  | 1.357979e+02 | 0.400 | 1.2632e-08 | 0.200 | 1.000 |  0.500  |  0.178 
  89  | 1.357979e+02 | 0.400 | 1.2633e-08 | 0.200 | 1.000 |  0.500  |  0.178 
  90  | 1.357979e+02 | 0.400 | 1.2633e-08 | 0.200 | 1.000 |  0.500  |  0.178 
  91  | 1.357979e+02 | 0.400 | 1.2631e-08 | 0.200 | 1.000 |  0.500  |  0.178 
  92  | 1.357979e+02 | 0.400 | 1.2629e-08 | 0.200 | 1.000 |  0.500  |  0.178 
  93  | 1.357979e+02 | 0.400 | 1.2631e-08 | 0.200 | 1.000 |  0.500  |  0.178 
  94  | 1.357979e+02 | 0.400 | 1.2631e-08 | 0.200 | 1.000 |  0.500  |  0.178 
  95  | 1.357979e+02 | 0.400 | 1.2630e-08 | 0.200 | 1.000 |  0.500  |  0.178 
  96  | 1.357979e+02 | 0.400 | 1.2631e-08 | 0.200 | 1.000 |  0.500  |  0.178 
  97  | 1.357979e+02 | 0.400 | 1.2633e-08 | 0.200 | 1.000 |  0.500  |  0.178 
  98  | 1.357979e+02 | 0.400 | 1.2634e-08 | 0.200 | 1.000 |  0.500  |  0.178 
  99  | 1.357979e+02 | 0.400 | 1.2630e-08 | 0.200 | 1.000 |  0.500  |  0.178 
 100  | 1.357979e+02 | 0.400 | 1.2629e-08 | 0.200 | 1.000 |  0.500  |  0.178 
 101  | 1.357979e+02 | 0.400 | 1.2630e-08 | 0.200 | 1.000 |  0.500  |  0.178 
 102  | 1.357979e+02 | 0.400 | 1.2630e-08 | 0.200 | 1.000 |  0.500  |  0.178 
 103  | 1.357979e+02 | 0.400 | 1.2631e-08 | 0.200 | 1.000 |  0.500  |  0.178 
 104  | 1.357979e+02 | 0.400 | 1.2629e-08 | 0.200 | 1.000 |  0.500  |  0.178 
 105  | 1.357979e+02 | 0.400 | 1.2628e-08 | 0.200 | 1.000 |  0.500  |  0.178 
 106  | 1.357979e+02 | 0.400 | 1.2630e-08 | 0.200 | 1.000 |  0.500  |  0.178 
 107  | 1.357979e+02 | 0.400 | 1.2629e-08 | 0.200 | 1.000 |  0.500  |  0.178 
 108  | 1.357979e+02 | 0.400 | 1.2630e-08 | 0.200 | 1.000 |  0.500  |  0.178 
 109  | 1.357979e+02 | 0.400 | 1.2630e-08 | 0.200 | 1.000 |  0.500  |  0.178 
 110  | 1.357979e+02 | 0.400 | 1.2631e-08 | 0.200 | 1.000 |  0.500  |  0.178 
 111  | 1.357979e+02 | 0.400 | 1.2631e-08 | 0.200 | 1.000 |  0.500  |  0.178 
 112  | 1.357979e+02 | 0.400 | 1.2631e-08 | 0.200 | 1.000 |  0.500  |  0.178 
 113  | 1.357979e+02 | 0.400 | 1.2630e-08 | 0.200 | 1.000 |  0.500  |  0.178 
 114  | 1.357979e+02 | 0.400 | 1.2627e-08 | 0.200 | 1.000 |  0.500  |  0.178 
 115  | 1.357979e+02 | 0.400 | 1.2629e-08 | 0.200 | 1.000 |  0.500  |  0.178 
 116  | 1.357979e+02 | 0.400 | 1.2630e-08 | 0.200 | 1.000 |  0.500  |  0.178 
 117  | 1.357979e+02 | 0.400 | 1.2628e-08 | 0.200 | 1.000 |  0.500  |  0.178 
 118  | 1.357979e+02 | 0.400 | 1.2628e-08 | 0.200 | 1.000 |  0.500  |  0.178 
 119  | 1.357979e+02 | 0.400 | 1.2630e-08 | 0.200 | 1.000 |  0.500  |  0.178 
 120  | 1.357979e+02 | 0.400 | 1.2628e-08 | 0.200 | 1.000 |  0.500  |  0.178 
 121  | 1.357979e+02 | 0.400 | 1.2627e-08 | 0.200 | 1.000 |  0.500  |  0.178 
 122  | 1.357979e+02 | 0.400 | 1.2628e-08 | 0.200 | 1.000 |  0.500  |  0.178 
 123  | 1.357979e+02 | 0.400 | 1.2629e-08 | 0.200 | 1.000 |  0.500  |  0.178 
 124  | 1.357979e+02 | 0.400 | 1.2631e-08 | 0.200 | 1.000 |  0.500  |  0.178 
 125  | 1.357979e+02 | 0.400 | 1.2630e-08 | 0.200 | 1.000 |  0.500  |  0.178 
 126  | 1.357979e+02 | 0.400 | 1.2631e-08 | 0.200 | 1.000 |  0.500  |  0.178 
 127  | 1.357979e+02 | 0.400 | 1.2631e-08 | 0.200 | 1.000 |  0.500  |  0.178 
 128  | 1.357979e+02 | 0.400 | 1.2631e-08 | 0.200 | 1.000 |  0.500  |  0.178 
 129  | 1.357979e+02 | 0.400 | 1.2630e-08 | 0.200 | 1.000 |  0.500  |  0.178 
 130  | 1.357979e+02 | 0.400 | 1.2629e-08 | 0.200 | 1.000 |  0.500  |  0.178 
 131  | 1.357979e+02 | 0.400 | 1.2629e-08 | 0.200 | 1.000 |  0.500  |  0.178 
 132  | 1.357979e+02 | 0.400 | 1.2629e-08 | 0.200 | 1.000 |  0.500  |  0.178 
 133  | 1.357979e+02 | 0.400 | 1.2632e-08 | 0.200 | 1.000 |  0.500  |  0.178 
 134  | 1.357979e+02 | 0.400 | 1.2632e-08 | 0.200 | 1.000 |  0.500  |  0.178 
 135  | 1.357979e+02 | 0.400 | 1.2633e-08 | 0.200 | 1.000 |  0.500  |  0.178 
 136  | 1.357979e+02 | 0.400 | 1.2631e-08 | 0.200 | 1.000 |  0.500  |  0.178 
 137  | 1.357979e+02 | 0.400 | 1.2629e-08 | 0.200 | 1.000 |  0.500  |  0.178 
 138  | 1.357979e+02 | 0.400 | 1.2631e-08 | 0.200 | 1.000 |  0.500  |  0.178 
 139  | 1.357979e+02 | 0.400 | 1.2630e-08 | 0.200 | 1.000 |  0.500  |  0.178 
 140  | 1.357979e+02 | 0.400 | 1.2632e-08 | 0.200 | 1.000 |  0.500  |  0.178 
 141  | 1.357979e+02 | 0.400 | 1.2631e-08 | 0.200 | 1.000 |  0.500  |  0.178 
 142  | 1.357979e+02 | 0.400 | 1.2629e-08 | 0.200 | 1.000 |  0.500  |  0.178 
 143  | 1.357979e+02 | 0.400 | 1.2630e-08 | 0.200 | 1.000 |  0.500  |  0.178 
 144  | 1.357979e+02 | 0.400 | 1.2629e-08 | 0.200 | 1.000 |  0.500  |  0.178 
 145  | 1.357979e+02 | 0.400 | 1.2630e-08 | 0.200 | 1.000 |  0.500  |  0.178 
 146  | 1.357979e+02 | 0.400 | 1.2631e-08 | 0.200 | 1.000 |  0.500  |  0.178 
 147  | 1.357979e+02 | 0.400 | 1.2630e-08 | 0.200 | 1.000 |  0.500  |  0.178 
 148  | 1.357979e+02 | 0.400 | 1.2627e-08 | 0.200 | 1.000 |  0.500  |  0.178 
 149  | 1.357979e+02 | 0.400 | 1.2627e-08 | 0.200 | 1.000 |  0.500  |  0.178 
 150  | 1.357979e+02 | 0.400 | 1.2630e-08 | 0.200 | 1.000 |  0.500  |  0.178 
 151  | 1.357979e+02 | 0.400 | 1.2631e-08 | 0.200 | 1.000 |  0.500  |  0.178 
 152  | 1.357979e+02 | 0.400 | 1.2630e-08 | 0.200 | 1.000 |  0.500  |  0.178 
 153  | 1.357979e+02 | 0.400 | 1.2630e-08 | 0.200 | 1.000 |  0.500  |  0.178 
 154  | 1.357979e+02 | 0.400 | 1.2630e-08 | 0.200 | 1.000 |  0.500  |  0.178 
 155  | 1.357979e+02 | 0.400 | 1.2630e-08 | 0.200 | 1.000 |  0.500  |  0.178 
 156  | 1.357979e+02 | 0.400 | 1.2629e-08 | 0.200 | 1.000 |  0.500  |  0.178 
 157  | 1.357979e+02 | 0.400 | 1.2629e-08 | 0.200 | 1.000 |  0.500  |  0.178 
 158  | 1.357979e+02 | 0.400 | 1.2630e-08 | 0.200 | 1.000 |  0.500  |  0.178 
 159  | 1.357979e+02 | 0.400 | 1.2632e-08 | 0.200 | 1.000 |  0.500  |  0.178 
 160  | 1.357979e+02 | 0.400 | 1.2632e-08 | 0.200 | 1.000 |  0.500  |  0.178 
 161  | 1.357979e+02 | 0.400 | 1.2630e-08 | 0.200 | 1.000 |  0.500  |  0.178 
 162  | 1.357979e+02 | 0.400 | 1.2628e-08 | 0.200 | 1.000 |  0.500  |  0.178 
 163  | 1.357979e+02 | 0.400 | 1.2632e-08 | 0.200 | 1.000 |  0.500  |  0.178 
 164  | 1.357979e+02 | 0.400 | 1.2634e-08 | 0.200 | 1.000 |  0.500  |  0.178 
 165  | 1.357979e+02 | 0.400 | 1.2631e-08 | 0.200 | 1.000 |  0.500  |  0.178 
 166  | 1.357979e+02 | 0.400 | 1.2629e-08 | 0.200 | 1.000 |  0.500  |  0.178 
 167  | 1.357979e+02 | 0.400 | 1.2630e-08 | 0.200 | 1.000 |  0.500  |  0.178 
 168  | 1.357979e+02 | 0.400 | 1.2629e-08 | 0.200 | 1.000 |  0.500  |  0.178 
 169  | 1.357979e+02 | 0.400 | 1.2629e-08 | 0.200 | 1.000 |  0.500  |  0.178 
 170  | 1.357979e+02 | 0.400 | 1.2630e-08 | 0.200 | 1.000 |  0.500  |  0.178 
 171  | 1.357979e+02 | 0.400 | 1.2631e-08 | 0.200 | 1.000 |  0.500  |  0.178 
 172  | 1.357979e+02 | 0.400 | 1.2630e-08 | 0.200 | 1.000 |  0.500  |  0.178 
 173  | 1.357979e+02 | 0.400 | 1.2629e-08 | 0.200 | 1.000 |  0.500  |  0.178 
 174  | 1.357979e+02 | 0.400 | 1.2629e-08 | 0.200 | 1.000 |  0.500  |  0.178 
 175  | 1.357979e+02 | 0.400 | 1.2630e-08 | 0.200 | 1.000 |  0.500  |  0.178 
 176  | 1.357979e+02 | 0.400 | 1.2631e-08 | 0.200 | 1.000 |  0.500  |  0.178 
 177  | 1.357979e+02 | 0.400 | 1.2630e-08 | 0.200 | 1.000 |  0.500  |  0.178 
 178  | 1.357979e+02 | 0.400 | 1.2630e-08 | 0.200 | 1.000 |  0.500  |  0.178 
 179  | 1.357979e+02 | 0.400 | 1.2630e-08 | 0.200 | 1.000 |  0.500  |  0.178 
 180  | 1.357979e+02 | 0.400 | 1.2629e-08 | 0.200 | 1.000 |  0.500  |  0.178 
 181  | 1.357979e+02 | 0.400 | 1.2628e-08 | 0.200 | 1.000 |  0.500  |  0.178 
 182  | 1.357979e+02 | 0.400 | 1.2628e-08 | 0.200 | 1.000 |  0.500  |  0.178 
 183  | 1.357979e+02 | 0.400 | 1.2629e-08 | 0.200 | 1.000 |  0.500  |  0.178 
 184  | 1.357979e+02 | 0.400 | 1.2630e-08 | 0.200 | 1.000 |  0.500  |  0.178 
 185  | 1.357979e+02 | 0.400 | 1.2633e-08 | 0.200 | 1.000 |  0.500  |  0.178 
 186  | 1.357979e+02 | 0.400 | 1.2634e-08 | 0.200 | 1.000 |  0.500  |  0.178 
 187  | 1.357979e+02 | 0.400 | 1.2631e-08 | 0.200 | 1.000 |  0.500  |  0.178 
 188  | 1.357979e+02 | 0.400 | 1.2631e-08 | 0.200 | 1.000 |  0.500  |  0.178 
 189  | 1.357979e+02 | 0.400 | 1.2631e-08 | 0.200 | 1.000 |  0.500  |  0.178 
 190  | 1.357979e+02 | 0.400 | 1.2631e-08 | 0.200 | 1.000 |  0.500  |  0.178 
 191  | 1.357979e+02 | 0.400 | 1.2631e-08 | 0.200 | 1.000 |  0.500  |  0.178 
 192  | 1.357979e+02 | 0.400 | 1.2629e-08 | 0.200 | 1.000 |  0.500  |  0.178 
 193  | 1.357979e+02 | 0.400 | 1.2630e-08 | 0.200 | 1.000 |  0.500  |  0.178 
 194  | 1.357979e+02 | 0.400 | 1.2631e-08 | 0.200 | 1.000 |  0.500  |  0.178 
 195  | 1.357979e+02 | 0.400 | 1.2630e-08 | 0.200 | 1.000 |  0.500  |  0.178 
 196  | 1.357979e+02 | 0.400 | 1.2631e-08 | 0.200 | 1.000 |  0.500  |  0.178 
 197  | 1.357979e+02 | 0.400 | 1.2635e-08 | 0.200 | 1.000 |  0.500  |  0.178 
 198  | 1.357979e+02 | 0.400 | 1.2633e-08 | 0.200 | 1.000 |  0.500  |  0.178 
 199  | 1.357979e+02 | 0.400 | 1.2631e-08 | 0.200 | 1.000 |  0.500  |  0.178 
 200  | 1.357979e+02 | 0.400 | 1.2631e-08 | 0.200 | 1.000 |  0.500  |  0.178 
 201  | 1.357979e+02 | 0.400 | 1.2632e-08 | 0.200 | 1.000 |  0.500  |  0.178 
 202  | 1.357979e+02 | 0.400 | 1.2631e-08 | 0.200 | 1.000 |  0.500  |  0.178 
 203  | 1.357979e+02 | 0.400 | 1.2630e-08 | 0.200 | 1.000 |  0.500  |  0.178 
 204  | 1.357979e+02 | 0.400 | 1.2632e-08 | 0.200 | 1.000 |  0.500  |  0.178 
 205  | 1.357979e+02 | 0.400 | 1.2631e-08 | 0.200 | 1.000 |  0.500  |  0.178 
 206  | 1.357979e+02 | 0.400 | 1.2630e-08 | 0.200 | 1.000 |  0.500  |  0.178 
 207  | 1.357979e+02 | 0.400 | 1.2630e-08 | 0.200 | 1.000 |  0.500  |  0.178 
 208  | 1.357979e+02 | 0.400 | 1.2631e-08 | 0.200 | 1.000 |  0.500  |  0.178 
 209  | 1.357979e+02 | 0.400 | 1.2629e-08 | 0.200 | 1.000 |  0.500  |  0.178 
 210  | 1.357979e+02 | 0.400 | 1.2626e-08 | 0.200 | 1.000 |  0.500  |  0.178 
 211  | 1.357979e+02 | 0.400 | 1.2629e-08 | 0.200 | 1.000 |  0.500  |  0.178 
 212  | 1.357979e+02 | 0.400 | 1.2630e-08 | 0.200 | 1.000 |  0.500  |  0.178 
 213  | 1.357979e+02 | 0.400 | 1.2630e-08 | 0.200 | 1.000 |  0.500  |  0.178 
 214  | 1.357979e+02 | 0.400 | 1.2632e-08 | 0.200 | 1.000 |  0.500  |  0.178 
 215  | 1.357979e+02 | 0.400 | 1.2631e-08 | 0.200 | 1.000 |  0.500  |  0.178 
 216  | 1.357979e+02 | 0.400 | 1.2630e-08 | 0.200 | 1.000 |  0.500  |  0.178 
 217  | 1.357979e+02 | 0.400 | 1.2630e-08 | 0.200 | 1.000 |  0.500  |  0.178 
 218  | 1.357979e+02 | 0.400 | 1.2629e-08 | 0.200 | 1.000 |  0.500  |  0.178 
 219  | 1.357979e+02 | 0.400 | 1.2630e-08 | 0.200 | 1.000 |  0.500  |  0.178 
 220  | 1.357979e+02 | 0.400 | 1.2629e-08 | 0.200 | 1.000 |  0.500  |  0.178 
 221  | 1.357979e+02 | 0.400 | 1.2628e-08 | 0.200 | 1.000 |  0.500  |  0.178 
 222  | 1.357979e+02 | 0.400 | 1.2632e-08 | 0.200 | 1.000 |  0.500  |  0.178 
 223  | 1.357979e+02 | 0.400 | 1.2631e-08 | 0.200 | 1.000 |  0.500  |  0.178 
 224  | 1.357979e+02 | 0.400 | 1.2631e-08 | 0.200 | 1.000 |  0.500  |  0.178 
 225  | 1.357979e+02 | 0.400 | 1.2632e-08 | 0.200 | 1.000 |  0.500  |  0.178 
 226  | 1.357979e+02 | 0.400 | 1.2630e-08 | 0.200 | 1.000 |  0.500  |  0.178 
 227  | 1.357979e+02 | 0.400 | 1.2630e-08 | 0.200 | 1.000 |  0.500  |  0.178 
 228  | 1.357979e+02 | 0.400 | 1.2630e-08 | 0.200 | 1.000 |  0.500  |  0.178 
 229  | 1.357979e+02 | 0.400 | 1.2629e-08 | 0.200 | 1.000 |  0.500  |  0.178 
 230  | 1.357979e+02 | 0.400 | 1.2630e-08 | 0.200 | 1.000 |  0.500  |  0.178 
 231  | 1.357979e+02 | 0.400 | 1.2628e-08 | 0.200 | 1.000 |  0.500  |  0.178 
 232  | 1.357979e+02 | 0.400 | 1.2628e-08 | 0.200 | 1.000 |  0.500  |  0.178 
 233  | 1.357979e+02 | 0.400 | 1.2630e-08 | 0.200 | 1.000 |  0.500  |  0.178 
 234  | 1.357979e+02 | 0.400 | 1.2631e-08 | 0.200 | 1.000 |  0.500  |  0.178 
 235  | 1.357979e+02 | 0.400 | 1.2630e-08 | 0.200 | 1.000 |  0.500  |  0.178 
 236  | 1.357979e+02 | 0.400 | 1.2630e-08 | 0.200 | 1.000 |  0.500  |  0.178 
 237  | 1.357979e+02 | 0.400 | 1.2630e-08 | 0.200 | 1.000 |  0.500  |  0.178 
 238  | 1.357979e+02 | 0.400 | 1.2630e-08 | 0.200 | 1.000 |  0.500  |  0.178 
 239  | 1.357979e+02 | 0.400 | 1.2628e-08 | 0.200 | 1.000 |  0.500  |  0.178 
 240  | 1.357979e+02 | 0.400 | 1.2629e-08 | 0.200 | 1.000 |  0.500  |  0.178 
 241  | 1.357979e+02 | 0.400 | 1.2630e-08 | 0.200 | 1.000 |  0.500  |  0.178 
 242  | 1.357979e+02 | 0.400 | 1.2631e-08 | 0.200 | 1.000 |  0.500  |  0.178 
 243  | 1.357979e+02 | 0.400 | 1.2629e-08 | 0.200 | 1.000 |  0.500  |  0.178 
 244  | 1.357979e+02 | 0.400 | 1.2629e-08 | 0.200 | 1.000 |  0.500  |  0.178 
 245  | 1.357979e+02 | 0.400 | 1.2630e-08 | 0.200 | 1.000 |  0.500  |  0.178 
 246  | 1.357979e+02 | 0.400 | 1.2630e-08 | 0.200 | 1.000 |  0.500  |  0.178 
 247  | 1.357979e+02 | 0.400 | 1.2631e-08 | 0.200 | 1.000 |  0.500  |  0.178 
 248  | 1.357979e+02 | 0.400 | 1.2631e-08 | 0.200 | 1.000 |  0.500  |  0.178 
 249  | 1.357979e+02 | 0.400 | 1.2630e-08 | 0.200 | 1.000 |  0.500  |  0.178 
 250  | 1.357979e+02 | 0.400 | 1.2629e-08 | 0.200 | 1.000 |  0.500  |  0.178 

- Solid plus void to total elements fraction = `0.17833`

- ` 250 ` iterations took `0.584 minutes` (0.002 min/iter or 0.140 sec/iter)

- Average of all ETA's = `0.500` (average of all a's = 1.000)
[ToPy Problem Definition File v2007]
# TPD file generated by tpd-generator.py

PROB_NAME  : volfrac_0.4_filtrad_1.5_eta_0.5
PROB_TYPE  : comp
VOL_FRAC   : 0.4
NUM_ITER   : 250
ETA        : 0.5
ELEM_K     : Q4
FILT_RAD   : 1.5
P_FAC      : 0.4

DOF_PN     : 2
NUM_ELEM_X : 60
NUM_ELEM_Y : 20
NUM_ELEM_Z : 0
FXTR_NODE_X: 1|21
FXTR_NODE_Y: 1281
LOAD_NODE_Y: 1
LOAD_VALU_Y: -1


TPD file name: volfrac_0.4_filtrad_1.5_eta_0.5.tpd (v2007)
===============================================================================

```
Domain discretisation (NUM_ELEM_X x NUM_ELEM_Y) = 60 x 20
Element type (ELEM_K) = Q4
Filter radius (FILT_RAD) = 1.5
Number of iterations (NUM_ITER) = 250
Problem type (PROB_TYPE) = comp
Problem name (PROB_NAME) = volfrac_0.4_filtrad_1.5_eta_0.5
Continuation of penalisation factor (P_FAC) not specified
GSF not active
Damping factor (ETA) = 0.50
No passive elements (PASV_ELEM) specified
No active elements (ACTV_ELEM) specified
```

-------------------------------------------------------------------------------
 Iter | Obj. func.   | Vol.  | Change     | P_FAC | Q_FAC | Ave ETA | S-V frac. 
 ----:|-------------:|------:|-----------:|------:|------:|--------:|---------:
   1  | 1.816039e+02 | 0.400 | 2.0000e-01 | 0.400 | 1.000 |  0.500  |  0.000 
   2  | 1.616056e+02 | 0.400 | 2.0000e-01 | 0.400 | 1.000 |  0.500  |  0.000 
   3  | 1.523374e+02 | 0.400 | 2.0000e-01 | 0.400 | 1.000 |  0.500  |  0.110 
   4  | 1.477522e+02 | 0.400 | 1.0957e-01 | 0.400 | 1.000 |  0.500  |  0.147 
   5  | 1.475025e+02 | 0.400 | 5.8936e-02 | 0.400 | 1.000 |  0.500  |  0.155 
   6  | 1.474380e+02 | 0.400 | 2.8548e-02 | 0.400 | 1.000 |  0.500  |  0.161 
   7  | 1.474155e+02 | 0.400 | 1.5642e-02 | 0.400 | 1.000 |  0.500  |  0.162 
   8  | 1.474063e+02 | 0.400 | 8.7133e-03 | 0.400 | 1.000 |  0.500  |  0.163 
   9  | 1.474020e+02 | 0.400 | 5.3605e-03 | 0.400 | 1.000 |  0.500  |  0.164 
  10  | 1.473998e+02 | 0.400 | 3.3636e-03 | 0.400 | 1.000 |  0.500  |  0.166 
  11  | 1.473987e+02 | 0.400 | 2.0928e-03 | 0.400 | 1.000 |  0.500  |  0.167 
  12  | 1.473981e+02 | 0.400 | 1.2947e-03 | 0.400 | 1.000 |  0.500  |  0.168 
  13  | 1.473978e+02 | 0.400 | 7.6926e-04 | 0.400 | 1.000 |  0.500  |  0.168 
  14  | 1.473976e+02 | 0.400 | 4.5574e-04 | 0.400 | 1.000 |  0.500  |  0.168 
  15  | 1.473975e+02 | 0.400 | 2.6973e-04 | 0.400 | 1.000 |  0.500  |  0.168 
  16  | 1.473974e+02 | 0.400 | 1.5965e-04 | 0.400 | 1.000 |  0.500  |  0.168 
  17  | 1.473974e+02 | 0.400 | 9.4526e-05 | 0.400 | 1.000 |  0.500  |  0.168 
  18  | 1.473974e+02 | 0.400 | 5.6031e-05 | 0.400 | 1.000 |  0.500  |  0.168 
  19  | 1.473974e+02 | 0.400 | 3.3575e-05 | 0.400 | 1.000 |  0.500  |  0.168 
  20  | 1.473973e+02 | 0.400 | 2.0171e-05 | 0.400 | 1.000 |  0.500  |  0.168 
  21  | 1.473973e+02 | 0.400 | 1.2544e-05 | 0.400 | 1.000 |  0.500  |  0.168 
  22  | 1.473973e+02 | 0.400 | 7.9454e-06 | 0.400 | 1.000 |  0.500  |  0.168 
  23  | 1.473973e+02 | 0.400 | 5.0499e-06 | 0.400 | 1.000 |  0.500  |  0.168 
  24  | 1.473973e+02 | 0.400 | 3.2119e-06 | 0.400 | 1.000 |  0.500  |  0.168 
  25  | 1.473973e+02 | 0.400 | 2.0446e-06 | 0.400 | 1.000 |  0.500  |  0.168 
  26  | 1.473973e+02 | 0.400 | 1.3027e-06 | 0.400 | 1.000 |  0.500  |  0.168 
  27  | 1.473973e+02 | 0.400 | 8.1926e-07 | 0.400 | 1.000 |  0.500  |  0.168 
  28  | 1.473973e+02 | 0.400 | 5.3839e-07 | 0.400 | 1.000 |  0.500  |  0.168 
  29  | 1.473973e+02 | 0.400 | 3.3022e-07 | 0.400 | 1.000 |  0.500  |  0.168 
  30  | 1.473973e+02 | 0.400 | 2.2535e-07 | 0.400 | 1.000 |  0.500  |  0.168 
  31  | 1.473973e+02 | 0.400 | 1.3043e-07 | 0.400 | 1.000 |  0.500  |  0.168 
  32  | 1.473973e+02 | 0.400 | 9.7550e-08 | 0.400 | 1.000 |  0.500  |  0.168 
  33  | 1.473973e+02 | 0.400 | 4.8642e-08 | 0.400 | 1.000 |  0.500  |  0.168 
  34  | 1.473973e+02 | 0.400 | 4.5289e-08 | 0.400 | 1.000 |  0.500  |  0.168 
  35  | 1.473973e+02 | 0.400 | 2.1610e-08 | 0.400 | 1.000 |  0.500  |  0.168 
  36  | 1.473973e+02 | 0.400 | 2.4000e-08 | 0.400 | 1.000 |  0.500  |  0.168 
  37  | 1.473973e+02 | 0.400 | 1.5489e-08 | 0.400 | 1.000 |  0.500  |  0.168 
  38  | 1.473973e+02 | 0.400 | 1.5825e-08 | 0.400 | 1.000 |  0.500  |  0.168 
  39  | 1.473973e+02 | 0.400 | 1.2941e-08 | 0.400 | 1.000 |  0.500  |  0.168 
  40  | 1.473973e+02 | 0.400 | 1.3487e-08 | 0.400 | 1.000 |  0.500  |  0.168 
  41  | 1.473973e+02 | 0.400 | 1.1876e-08 | 0.400 | 1.000 |  0.500  |  0.168 
  42  | 1.473973e+02 | 0.400 | 1.2603e-08 | 0.400 | 1.000 |  0.500  |  0.168 
  43  | 1.473973e+02 | 0.400 | 1.1950e-08 | 0.400 | 1.000 |  0.500  |  0.168 
  44  | 1.473973e+02 | 0.400 | 1.2242e-08 | 0.400 | 1.000 |  0.500  |  0.168 
  45  | 1.473973e+02 | 0.400 | 1.1972e-08 | 0.400 | 1.000 |  0.500  |  0.168 
  46  | 1.473973e+02 | 0.400 | 1.2089e-08 | 0.400 | 1.000 |  0.500  |  0.168 
  47  | 1.473973e+02 | 0.400 | 1.1977e-08 | 0.400 | 1.000 |  0.500  |  0.168 
  48  | 1.473973e+02 | 0.400 | 1.2027e-08 | 0.400 | 1.000 |  0.500  |  0.168 
  49  | 1.473973e+02 | 0.400 | 1.1980e-08 | 0.400 | 1.000 |  0.500  |  0.168 
  50  | 1.473973e+02 | 0.400 | 1.1999e-08 | 0.400 | 1.000 |  0.500  |  0.168 
  51  | 1.473973e+02 | 0.400 | 1.1978e-08 | 0.400 | 1.000 |  0.500  |  0.168 
  52  | 1.473973e+02 | 0.400 | 1.1991e-08 | 0.400 | 1.000 |  0.500  |  0.168 
  53  | 1.473973e+02 | 0.400 | 1.1980e-08 | 0.400 | 1.000 |  0.500  |  0.168 
  54  | 1.473973e+02 | 0.400 | 1.1987e-08 | 0.400 | 1.000 |  0.500  |  0.168 
  55  | 1.473973e+02 | 0.400 | 1.1980e-08 | 0.400 | 1.000 |  0.500  |  0.168 
  56  | 1.473973e+02 | 0.400 | 1.1984e-08 | 0.400 | 1.000 |  0.500  |  0.168 
  57  | 1.473973e+02 | 0.400 | 1.1984e-08 | 0.400 | 1.000 |  0.500  |  0.168 
  58  | 1.473973e+02 | 0.400 | 1.1984e-08 | 0.400 | 1.000 |  0.500  |  0.168 
  59  | 1.473973e+02 | 0.400 | 1.1981e-08 | 0.400 | 1.000 |  0.500  |  0.168 
  60  | 1.473973e+02 | 0.400 | 1.1982e-08 | 0.400 | 1.000 |  0.500  |  0.168 
  61  | 1.473973e+02 | 0.400 | 1.1983e-08 | 0.400 | 1.000 |  0.500  |  0.168 
  62  | 1.473973e+02 | 0.400 | 1.1983e-08 | 0.400 | 1.000 |  0.500  |  0.168 
  63  | 1.473973e+02 | 0.400 | 1.1983e-08 | 0.400 | 1.000 |  0.500  |  0.168 
  64  | 1.473973e+02 | 0.400 | 1.1980e-08 | 0.400 | 1.000 |  0.500  |  0.168 
  65  | 1.473973e+02 | 0.400 | 1.1982e-08 | 0.400 | 1.000 |  0.500  |  0.168 
  66  | 1.473973e+02 | 0.400 | 1.1985e-08 | 0.400 | 1.000 |  0.500  |  0.168 
  67  | 1.473973e+02 | 0.400 | 1.1982e-08 | 0.400 | 1.000 |  0.500  |  0.168 
  68  | 1.473973e+02 | 0.400 | 1.1981e-08 | 0.400 | 1.000 |  0.500  |  0.168 
  69  | 1.473973e+02 | 0.400 | 1.1982e-08 | 0.400 | 1.000 |  0.500  |  0.168 
  70  | 1.473973e+02 | 0.400 | 1.1982e-08 | 0.400 | 1.000 |  0.500  |  0.168 
  71  | 1.473973e+02 | 0.400 | 1.1982e-08 | 0.400 | 1.000 |  0.500  |  0.168 
  72  | 1.473973e+02 | 0.400 | 1.1982e-08 | 0.400 | 1.000 |  0.500  |  0.168 
  73  | 1.473973e+02 | 0.400 | 1.1982e-08 | 0.400 | 1.000 |  0.500  |  0.168 
  74  | 1.473973e+02 | 0.400 | 1.1983e-08 | 0.400 | 1.000 |  0.500  |  0.168 
  75  | 1.473973e+02 | 0.400 | 1.1983e-08 | 0.400 | 1.000 |  0.500  |  0.168 
  76  | 1.473973e+02 | 0.400 | 1.1981e-08 | 0.400 | 1.000 |  0.500  |  0.168 
  77  | 1.473973e+02 | 0.400 | 1.1981e-08 | 0.400 | 1.000 |  0.500  |  0.168 
  78  | 1.473973e+02 | 0.400 | 1.1982e-08 | 0.400 | 1.000 |  0.500  |  0.168 
  79  | 1.473973e+02 | 0.400 | 1.1982e-08 | 0.400 | 1.000 |  0.500  |  0.168 
  80  | 1.473973e+02 | 0.400 | 1.1982e-08 | 0.400 | 1.000 |  0.500  |  0.168 
  81  | 1.473973e+02 | 0.400 | 1.1979e-08 | 0.400 | 1.000 |  0.500  |  0.168 
  82  | 1.473973e+02 | 0.400 | 1.1978e-08 | 0.400 | 1.000 |  0.500  |  0.168 
  83  | 1.473973e+02 | 0.400 | 1.1981e-08 | 0.400 | 1.000 |  0.500  |  0.168 
  84  | 1.473973e+02 | 0.400 | 1.1983e-08 | 0.400 | 1.000 |  0.500  |  0.168 
  85  | 1.473973e+02 | 0.400 | 1.1983e-08 | 0.400 | 1.000 |  0.500  |  0.168 
  86  | 1.473973e+02 | 0.400 | 1.1982e-08 | 0.400 | 1.000 |  0.500  |  0.168 
  87  | 1.473973e+02 | 0.400 | 1.1981e-08 | 0.400 | 1.000 |  0.500  |  0.168 
  88  | 1.473973e+02 | 0.400 | 1.1981e-08 | 0.400 | 1.000 |  0.500  |  0.168 
  89  | 1.473973e+02 | 0.400 | 1.1983e-08 | 0.400 | 1.000 |  0.500  |  0.168 
  90  | 1.473973e+02 | 0.400 | 1.1984e-08 | 0.400 | 1.000 |  0.500  |  0.168 
  91  | 1.473973e+02 | 0.400 | 1.1982e-08 | 0.400 | 1.000 |  0.500  |  0.168 
  92  | 1.473973e+02 | 0.400 | 1.1982e-08 | 0.400 | 1.000 |  0.500  |  0.168 
  93  | 1.473973e+02 | 0.400 | 1.1983e-08 | 0.400 | 1.000 |  0.500  |  0.168 
  94  | 1.473973e+02 | 0.400 | 1.1983e-08 | 0.400 | 1.000 |  0.500  |  0.168 
  95  | 1.473973e+02 | 0.400 | 1.1981e-08 | 0.400 | 1.000 |  0.500  |  0.168 
  96  | 1.473973e+02 | 0.400 | 1.1982e-08 | 0.400 | 1.000 |  0.500  |  0.168 
  97  | 1.473973e+02 | 0.400 | 1.1983e-08 | 0.400 | 1.000 |  0.500  |  0.168 
  98  | 1.473973e+02 | 0.400 | 1.1982e-08 | 0.400 | 1.000 |  0.500  |  0.168 
  99  | 1.473973e+02 | 0.400 | 1.1982e-08 | 0.400 | 1.000 |  0.500  |  0.168 
 100  | 1.473973e+02 | 0.400 | 1.1982e-08 | 0.400 | 1.000 |  0.500  |  0.168 
 101  | 1.473973e+02 | 0.400 | 1.1982e-08 | 0.400 | 1.000 |  0.500  |  0.168 
 102  | 1.473973e+02 | 0.400 | 1.1981e-08 | 0.400 | 1.000 |  0.500  |  0.168 
 103  | 1.473973e+02 | 0.400 | 1.1982e-08 | 0.400 | 1.000 |  0.500  |  0.168 
 104  | 1.473973e+02 | 0.400 | 1.1983e-08 | 0.400 | 1.000 |  0.500  |  0.168 
 105  | 1.473973e+02 | 0.400 | 1.1983e-08 | 0.400 | 1.000 |  0.500  |  0.168 
 106  | 1.473973e+02 | 0.400 | 1.1984e-08 | 0.400 | 1.000 |  0.500  |  0.168 
 107  | 1.473973e+02 | 0.400 | 1.1983e-08 | 0.400 | 1.000 |  0.500  |  0.168 
 108  | 1.473973e+02 | 0.400 | 1.1982e-08 | 0.400 | 1.000 |  0.500  |  0.168 
 109  | 1.473973e+02 | 0.400 | 1.1982e-08 | 0.400 | 1.000 |  0.500  |  0.168 
 110  | 1.473973e+02 | 0.400 | 1.1983e-08 | 0.400 | 1.000 |  0.500  |  0.168 
 111  | 1.473973e+02 | 0.400 | 1.1982e-08 | 0.400 | 1.000 |  0.500  |  0.168 
 112  | 1.473973e+02 | 0.400 | 1.1983e-08 | 0.400 | 1.000 |  0.500  |  0.168 
 113  | 1.473973e+02 | 0.400 | 1.1983e-08 | 0.400 | 1.000 |  0.500  |  0.168 
 114  | 1.473973e+02 | 0.400 | 1.1983e-08 | 0.400 | 1.000 |  0.500  |  0.168 
 115  | 1.473973e+02 | 0.400 | 1.1982e-08 | 0.400 | 1.000 |  0.500  |  0.168 
 116  | 1.473973e+02 | 0.400 | 1.1981e-08 | 0.400 | 1.000 |  0.500  |  0.168 
 117  | 1.473973e+02 | 0.400 | 1.1981e-08 | 0.400 | 1.000 |  0.500  |  0.168 
 118  | 1.473973e+02 | 0.400 | 1.1983e-08 | 0.400 | 1.000 |  0.500  |  0.168 
 119  | 1.473973e+02 | 0.400 | 1.1985e-08 | 0.400 | 1.000 |  0.500  |  0.168 
 120  | 1.473973e+02 | 0.400 | 1.1983e-08 | 0.400 | 1.000 |  0.500  |  0.168 
 121  | 1.473973e+02 | 0.400 | 1.1981e-08 | 0.400 | 1.000 |  0.500  |  0.168 
 122  | 1.473973e+02 | 0.400 | 1.1982e-08 | 0.400 | 1.000 |  0.500  |  0.168 
 123  | 1.473973e+02 | 0.400 | 1.1984e-08 | 0.400 | 1.000 |  0.500  |  0.168 
 124  | 1.473973e+02 | 0.400 | 1.1983e-08 | 0.400 | 1.000 |  0.500  |  0.168 
 125  | 1.473973e+02 | 0.400 | 1.1982e-08 | 0.400 | 1.000 |  0.500  |  0.168 
 126  | 1.473973e+02 | 0.400 | 1.1982e-08 | 0.400 | 1.000 |  0.500  |  0.168 
 127  | 1.473973e+02 | 0.400 | 1.1981e-08 | 0.400 | 1.000 |  0.500  |  0.168 
 128  | 1.473973e+02 | 0.400 | 1.1982e-08 | 0.400 | 1.000 |  0.500  |  0.168 
 129  | 1.473973e+02 | 0.400 | 1.1983e-08 | 0.400 | 1.000 |  0.500  |  0.168 
 130  | 1.473973e+02 | 0.400 | 1.1981e-08 | 0.400 | 1.000 |  0.500  |  0.168 
 131  | 1.473973e+02 | 0.400 | 1.1983e-08 | 0.400 | 1.000 |  0.500  |  0.168 
 132  | 1.473973e+02 | 0.400 | 1.1984e-08 | 0.400 | 1.000 |  0.500  |  0.168 
 133  | 1.473973e+02 | 0.400 | 1.1981e-08 | 0.400 | 1.000 |  0.500  |  0.168 
 134  | 1.473973e+02 | 0.400 | 1.1980e-08 | 0.400 | 1.000 |  0.500  |  0.168 
 135  | 1.473973e+02 | 0.400 | 1.1983e-08 | 0.400 | 1.000 |  0.500  |  0.168 
 136  | 1.473973e+02 | 0.400 | 1.1980e-08 | 0.400 | 1.000 |  0.500  |  0.168 
 137  | 1.473973e+02 | 0.400 | 1.1981e-08 | 0.400 | 1.000 |  0.500  |  0.168 
 138  | 1.473973e+02 | 0.400 | 1.1983e-08 | 0.400 | 1.000 |  0.500  |  0.168 
 139  | 1.473973e+02 | 0.400 | 1.1983e-08 | 0.400 | 1.000 |  0.500  |  0.168 
 140  | 1.473973e+02 | 0.400 | 1.1983e-08 | 0.400 | 1.000 |  0.500  |  0.168 
 141  | 1.473973e+02 | 0.400 | 1.1982e-08 | 0.400 | 1.000 |  0.500  |  0.168 
 142  | 1.473973e+02 | 0.400 | 1.1983e-08 | 0.400 | 1.000 |  0.500  |  0.168 
 143  | 1.473973e+02 | 0.400 | 1.1982e-08 | 0.400 | 1.000 |  0.500  |  0.168 
 144  | 1.473973e+02 | 0.400 | 1.1983e-08 | 0.400 | 1.000 |  0.500  |  0.168 
 145  | 1.473973e+02 | 0.400 | 1.1981e-08 | 0.400 | 1.000 |  0.500  |  0.168 
 146  | 1.473973e+02 | 0.400 | 1.1982e-08 | 0.400 | 1.000 |  0.500  |  0.168 
 147  | 1.473973e+02 | 0.400 | 1.1984e-08 | 0.400 | 1.000 |  0.500  |  0.168 
 148  | 1.473973e+02 | 0.400 | 1.1983e-08 | 0.400 | 1.000 |  0.500  |  0.168 
 149  | 1.473973e+02 | 0.400 | 1.1982e-08 | 0.400 | 1.000 |  0.500  |  0.168 
 150  | 1.473973e+02 | 0.400 | 1.1984e-08 | 0.400 | 1.000 |  0.500  |  0.168 
 151  | 1.473973e+02 | 0.400 | 1.1985e-08 | 0.400 | 1.000 |  0.500  |  0.168 
 152  | 1.473973e+02 | 0.400 | 1.1983e-08 | 0.400 | 1.000 |  0.500  |  0.168 
 153  | 1.473973e+02 | 0.400 | 1.1983e-08 | 0.400 | 1.000 |  0.500  |  0.168 
 154  | 1.473973e+02 | 0.400 | 1.1984e-08 | 0.400 | 1.000 |  0.500  |  0.168 
 155  | 1.473973e+02 | 0.400 | 1.1985e-08 | 0.400 | 1.000 |  0.500  |  0.168 
 156  | 1.473973e+02 | 0.400 | 1.1984e-08 | 0.400 | 1.000 |  0.500  |  0.168 
 157  | 1.473973e+02 | 0.400 | 1.1983e-08 | 0.400 | 1.000 |  0.500  |  0.168 
 158  | 1.473973e+02 | 0.400 | 1.1982e-08 | 0.400 | 1.000 |  0.500  |  0.168 
 159  | 1.473973e+02 | 0.400 | 1.1984e-08 | 0.400 | 1.000 |  0.500  |  0.168 
 160  | 1.473973e+02 | 0.400 | 1.1983e-08 | 0.400 | 1.000 |  0.500  |  0.168 
 161  | 1.473973e+02 | 0.400 | 1.1981e-08 | 0.400 | 1.000 |  0.500  |  0.168 
 162  | 1.473973e+02 | 0.400 | 1.1982e-08 | 0.400 | 1.000 |  0.500  |  0.168 
 163  | 1.473973e+02 | 0.400 | 1.1981e-08 | 0.400 | 1.000 |  0.500  |  0.168 
 164  | 1.473973e+02 | 0.400 | 1.1981e-08 | 0.400 | 1.000 |  0.500  |  0.168 
 165  | 1.473973e+02 | 0.400 | 1.1981e-08 | 0.400 | 1.000 |  0.500  |  0.168 
 166  | 1.473973e+02 | 0.400 | 1.1980e-08 | 0.400 | 1.000 |  0.500  |  0.168 
 167  | 1.473973e+02 | 0.400 | 1.1982e-08 | 0.400 | 1.000 |  0.500  |  0.168 
 168  | 1.473973e+02 | 0.400 | 1.1980e-08 | 0.400 | 1.000 |  0.500  |  0.168 
 169  | 1.473973e+02 | 0.400 | 1.1980e-08 | 0.400 | 1.000 |  0.500  |  0.168 
 170  | 1.473973e+02 | 0.400 | 1.1982e-08 | 0.400 | 1.000 |  0.500  |  0.168 
 171  | 1.473973e+02 | 0.400 | 1.1983e-08 | 0.400 | 1.000 |  0.500  |  0.168 
 172  | 1.473973e+02 | 0.400 | 1.1981e-08 | 0.400 | 1.000 |  0.500  |  0.168 
 173  | 1.473973e+02 | 0.400 | 1.1980e-08 | 0.400 | 1.000 |  0.500  |  0.168 
 174  | 1.473973e+02 | 0.400 | 1.1985e-08 | 0.400 | 1.000 |  0.500  |  0.168 
 175  | 1.473973e+02 | 0.400 | 1.1984e-08 | 0.400 | 1.000 |  0.500  |  0.168 
 176  | 1.473973e+02 | 0.400 | 1.1985e-08 | 0.400 | 1.000 |  0.500  |  0.168 
 177  | 1.473973e+02 | 0.400 | 1.1984e-08 | 0.400 | 1.000 |  0.500  |  0.168 
 178  | 1.473973e+02 | 0.400 | 1.1983e-08 | 0.400 | 1.000 |  0.500  |  0.168 
 179  | 1.473973e+02 | 0.400 | 1.1984e-08 | 0.400 | 1.000 |  0.500  |  0.168 
 180  | 1.473973e+02 | 0.400 | 1.1981e-08 | 0.400 | 1.000 |  0.500  |  0.168 
 181  | 1.473973e+02 | 0.400 | 1.1981e-08 | 0.400 | 1.000 |  0.500  |  0.168 
 182  | 1.473973e+02 | 0.400 | 1.1982e-08 | 0.400 | 1.000 |  0.500  |  0.168 
 183  | 1.473973e+02 | 0.400 | 1.1981e-08 | 0.400 | 1.000 |  0.500  |  0.168 
 184  | 1.473973e+02 | 0.400 | 1.1979e-08 | 0.400 | 1.000 |  0.500  |  0.168 
 185  | 1.473973e+02 | 0.400 | 1.1982e-08 | 0.400 | 1.000 |  0.500  |  0.168 
 186  | 1.473973e+02 | 0.400 | 1.1984e-08 | 0.400 | 1.000 |  0.500  |  0.168 
 187  | 1.473973e+02 | 0.400 | 1.1983e-08 | 0.400 | 1.000 |  0.500  |  0.168 
 188  | 1.473973e+02 | 0.400 | 1.1983e-08 | 0.400 | 1.000 |  0.500  |  0.168 
 189  | 1.473973e+02 | 0.400 | 1.1982e-08 | 0.400 | 1.000 |  0.500  |  0.168 
 190  | 1.473973e+02 | 0.400 | 1.1980e-08 | 0.400 | 1.000 |  0.500  |  0.168 
 191  | 1.473973e+02 | 0.400 | 1.1983e-08 | 0.400 | 1.000 |  0.500  |  0.168 
 192  | 1.473973e+02 | 0.400 | 1.1983e-08 | 0.400 | 1.000 |  0.500  |  0.168 
 193  | 1.473973e+02 | 0.400 | 1.1981e-08 | 0.400 | 1.000 |  0.500  |  0.168 
 194  | 1.473973e+02 | 0.400 | 1.1982e-08 | 0.400 | 1.000 |  0.500  |  0.168 
 195  | 1.473973e+02 | 0.400 | 1.1982e-08 | 0.400 | 1.000 |  0.500  |  0.168 
 196  | 1.473973e+02 | 0.400 | 1.1983e-08 | 0.400 | 1.000 |  0.500  |  0.168 
 197  | 1.473973e+02 | 0.400 | 1.1983e-08 | 0.400 | 1.000 |  0.500  |  0.168 
 198  | 1.473973e+02 | 0.400 | 1.1984e-08 | 0.400 | 1.000 |  0.500  |  0.168 
 199  | 1.473973e+02 | 0.400 | 1.1983e-08 | 0.400 | 1.000 |  0.500  |  0.168 
 200  | 1.473973e+02 | 0.400 | 1.1982e-08 | 0.400 | 1.000 |  0.500  |  0.168 
 201  | 1.473973e+02 | 0.400 | 1.1981e-08 | 0.400 | 1.000 |  0.500  |  0.168 
 202  | 1.473973e+02 | 0.400 | 1.1981e-08 | 0.400 | 1.000 |  0.500  |  0.168 
 203  | 1.473973e+02 | 0.400 | 1.1983e-08 | 0.400 | 1.000 |  0.500  |  0.168 
 204  | 1.473973e+02 | 0.400 | 1.1984e-08 | 0.400 | 1.000 |  0.500  |  0.168 
 205  | 1.473973e+02 | 0.400 | 1.1984e-08 | 0.400 | 1.000 |  0.500  |  0.168 
 206  | 1.473973e+02 | 0.400 | 1.1982e-08 | 0.400 | 1.000 |  0.500  |  0.168 
 207  | 1.473973e+02 | 0.400 | 1.1983e-08 | 0.400 | 1.000 |  0.500  |  0.168 
 208  | 1.473973e+02 | 0.400 | 1.1983e-08 | 0.400 | 1.000 |  0.500  |  0.168 
 209  | 1.473973e+02 | 0.400 | 1.1981e-08 | 0.400 | 1.000 |  0.500  |  0.168 
 210  | 1.473973e+02 | 0.400 | 1.1982e-08 | 0.400 | 1.000 |  0.500  |  0.168 
 211  | 1.473973e+02 | 0.400 | 1.1982e-08 | 0.400 | 1.000 |  0.500  |  0.168 
 212  | 1.473973e+02 | 0.400 | 1.1982e-08 | 0.400 | 1.000 |  0.500  |  0.168 
 213  | 1.473973e+02 | 0.400 | 1.1984e-08 | 0.400 | 1.000 |  0.500  |  0.168 
 214  | 1.473973e+02 | 0.400 | 1.1983e-08 | 0.400 | 1.000 |  0.500  |  0.168 
 215  | 1.473973e+02 | 0.400 | 1.1984e-08 | 0.400 | 1.000 |  0.500  |  0.168 
 216  | 1.473973e+02 | 0.400 | 1.1984e-08 | 0.400 | 1.000 |  0.500  |  0.168 
 217  | 1.473973e+02 | 0.400 | 1.1982e-08 | 0.400 | 1.000 |  0.500  |  0.168 
 218  | 1.473973e+02 | 0.400 | 1.1981e-08 | 0.400 | 1.000 |  0.500  |  0.168 
 219  | 1.473973e+02 | 0.400 | 1.1982e-08 | 0.400 | 1.000 |  0.500  |  0.168 
 220  | 1.473973e+02 | 0.400 | 1.1983e-08 | 0.400 | 1.000 |  0.500  |  0.168 
 221  | 1.473973e+02 | 0.400 | 1.1983e-08 | 0.400 | 1.000 |  0.500  |  0.168 
 222  | 1.473973e+02 | 0.400 | 1.1982e-08 | 0.400 | 1.000 |  0.500  |  0.168 
 223  | 1.473973e+02 | 0.400 | 1.1981e-08 | 0.400 | 1.000 |  0.500  |  0.168 
 224  | 1.473973e+02 | 0.400 | 1.1983e-08 | 0.400 | 1.000 |  0.500  |  0.168 
 225  | 1.473973e+02 | 0.400 | 1.1982e-08 | 0.400 | 1.000 |  0.500  |  0.168 
 226  | 1.473973e+02 | 0.400 | 1.1983e-08 | 0.400 | 1.000 |  0.500  |  0.168 
 227  | 1.473973e+02 | 0.400 | 1.1985e-08 | 0.400 | 1.000 |  0.500  |  0.168 
 228  | 1.473973e+02 | 0.400 | 1.1985e-08 | 0.400 | 1.000 |  0.500  |  0.168 
 229  | 1.473973e+02 | 0.400 | 1.1982e-08 | 0.400 | 1.000 |  0.500  |  0.168 
 230  | 1.473973e+02 | 0.400 | 1.1981e-08 | 0.400 | 1.000 |  0.500  |  0.168 
 231  | 1.473973e+02 | 0.400 | 1.1980e-08 | 0.400 | 1.000 |  0.500  |  0.168 
 232  | 1.473973e+02 | 0.400 | 1.1981e-08 | 0.400 | 1.000 |  0.500  |  0.168 
 233  | 1.473973e+02 | 0.400 | 1.1982e-08 | 0.400 | 1.000 |  0.500  |  0.168 
 234  | 1.473973e+02 | 0.400 | 1.1981e-08 | 0.400 | 1.000 |  0.500  |  0.168 
