[ToPy Problem Definition File v2007]
# TPD file generated by tpd-generator.py

PROB_NAME  : half_v0.90_f_32.0
PROB_TYPE  : comp
VOL_FRAC   : 0.9
NUM_ITER   : 100
ETA        : 0.5
ELEM_K     : Q4
FILT_RAD   : 32.0
P_FAC      : 1.0
P_HOLD     : 8
P_MAX      : 4.0
P_INCR     : 0.1
P_CON      : 1

DOF_PN     : 2
NUM_ELEM_X : 500
NUM_ELEM_Y : 250
NUM_ELEM_Z : 0
PASV_ELEM  : 11500; 124751       
FXTR_NODE_Y: 11546
FXTR_NODE_X: 125502|125752
LOAD_NODE_Y: 125502
LOAD_VALU_Y: 1

Q_FAC      : 1
Q_HOLD     : 50  # num of iters to hold q constant from start
Q_INCR     : 0.05  # increment by this amount
Q_CON      : 1  # increment every 'Q_CON' iters
Q_MAX      : 5  # max value of 'Q_CON'



TPD file name: half_v0.90_f_32.0.tpd (v2007)
===============================================================================

```
Domain discretisation (NUM_ELEM_X x NUM_ELEM_Y) = 500 x 250
Element type (ELEM_K) = Q4
Filter radius (FILT_RAD) = 32.0
Number of iterations (NUM_ITER) = 100
Problem type (PROB_TYPE) = comp
Problem name (PROB_NAME) = half_v0.90_f_32.0
GSF active
Damping factor (ETA) = 0.50
Passive elements (PASV_ELEM) specified
No active elements (ACTV_ELEM) specified
```

-------------------------------------------------------------------------------
 Iter | Obj. func.   | Vol.  | Change     | P_FAC | Q_FAC | Ave ETA | S-V frac. 
 ----:|-------------:|------:|-----------:|------:|------:|--------:|---------:
   1  | 4.421018e+01 | 0.900 | 8.9900e-01 | 1.000 | 1.000 |  0.500  |  0.470 
   2  | 4.330130e+01 | 0.900 | 2.0000e-01 | 1.000 | 1.000 |  0.500  |  0.534 
   3  | 4.307710e+01 | 0.900 | 2.0000e-01 | 1.000 | 1.000 |  0.500  |  0.607 
   4  | 4.293668e+01 | 0.900 | 2.0000e-01 | 1.000 | 1.000 |  0.500  |  0.685 
   5  | 4.285650e+01 | 0.900 | 9.3077e-02 | 1.000 | 1.000 |  0.500  |  0.711 
   6  | 4.282978e+01 | 0.900 | 4.3233e-02 | 1.000 | 1.000 |  0.500  |  0.722 
   7  | 4.281879e+01 | 0.900 | 3.0411e-02 | 1.000 | 1.000 |  0.500  |  0.729 
   8  | 4.281263e+01 | 0.900 | 2.1322e-02 | 1.000 | 1.000 |  0.500  |  0.733 
   9  | 4.280878e+01 | 0.900 | 1.5019e-02 | 1.100 | 1.000 |  0.500  |  0.735 
  10  | 4.285929e+01 | 0.900 | 2.2213e-02 | 1.200 | 1.000 |  0.500  |  0.738 
  11  | 4.290274e+01 | 0.900 | 2.7686e-02 | 1.300 | 1.000 |  0.500  |  0.742 
  12  | 4.293996e+01 | 0.900 | 3.1495e-02 | 1.400 | 1.000 |  0.500  |  0.748 
  13  | 4.297124e+01 | 0.900 | 3.4081e-02 | 1.500 | 1.000 |  0.500  |  0.755 
  14  | 4.299681e+01 | 0.900 | 3.5012e-02 | 1.600 | 1.000 |  0.500  |  0.763 
  15  | 4.301708e+01 | 0.900 | 3.4260e-02 | 1.700 | 1.000 |  0.500  |  0.771 
  16  | 4.303286e+01 | 0.900 | 3.1661e-02 | 1.800 | 1.000 |  0.500  |  0.780 
  17  | 4.304523e+01 | 0.900 | 2.8085e-02 | 1.900 | 1.000 |  0.500  |  0.788 
  18  | 4.305537e+01 | 0.900 | 2.4062e-02 | 2.000 | 1.000 |  0.500  |  0.796 
  19  | 4.306428e+01 | 0.900 | 1.9956e-02 | 2.100 | 1.000 |  0.500  |  0.802 
  20  | 4.307261e+01 | 0.900 | 1.6324e-02 | 2.200 | 1.000 |  0.500  |  0.808 
  21  | 4.308065e+01 | 0.900 | 1.3283e-02 | 2.300 | 1.000 |  0.500  |  0.813 
  22  | 4.308849e+01 | 0.900 | 1.1056e-02 | 2.400 | 1.000 |  0.500  |  0.818 
  23  | 4.309609e+01 | 0.900 | 9.3150e-03 | 2.500 | 1.000 |  0.500  |  0.822 
  24  | 4.310338e+01 | 0.900 | 8.1003e-03 | 2.600 | 1.000 |  0.500  |  0.825 
  25  | 4.311033e+01 | 0.900 | 7.1050e-03 | 2.700 | 1.000 |  0.500  |  0.829 
  26  | 4.311691e+01 | 0.900 | 6.4479e-03 | 2.800 | 1.000 |  0.500  |  0.832 
  27  | 4.312313e+01 | 0.900 | 5.9951e-03 | 2.900 | 1.000 |  0.500  |  0.834 
  28  | 4.312900e+01 | 0.900 | 5.5925e-03 | 3.000 | 1.000 |  0.500  |  0.837 
  29  | 4.313455e+01 | 0.900 | 5.2494e-03 | 3.100 | 1.000 |  0.500  |  0.840 
  30  | 4.313979e+01 | 0.900 | 4.9296e-03 | 3.200 | 1.000 |  0.500  |  0.842 
  31  | 4.314474e+01 | 0.900 | 4.6618e-03 | 3.300 | 1.000 |  0.500  |  0.844 
  32  | 4.314944e+01 | 0.900 | 4.4236e-03 | 3.400 | 1.000 |  0.500  |  0.846 
  33  | 4.315388e+01 | 0.900 | 4.1587e-03 | 3.500 | 1.000 |  0.500  |  0.848 
  34  | 4.315811e+01 | 0.900 | 3.9307e-03 | 3.600 | 1.000 |  0.500  |  0.849 
  35  | 4.316212e+01 | 0.900 | 3.7320e-03 | 3.700 | 1.000 |  0.500  |  0.851 
  36  | 4.316593e+01 | 0.900 | 3.5497e-03 | 3.800 | 1.000 |  0.500  |  0.853 
  37  | 4.316957e+01 | 0.900 | 3.3813e-03 | 3.900 | 1.000 |  0.500  |  0.854 
  38  | 4.317304e+01 | 0.900 | 3.2160e-03 | 4.000 | 1.000 |  0.500  |  0.856 
  39  | 4.317635e+01 | 0.900 | 3.0656e-03 | 4.000 | 1.000 |  0.500  |  0.857 
  40  | 4.317222e+01 | 0.900 | 2.3147e-03 | 4.000 | 1.000 |  0.500  |  0.858 
  41  | 4.317067e+01 | 0.900 | 1.1523e-03 | 4.000 | 1.000 |  0.500  |  0.858 
  42  | 4.317011e+01 | 0.900 | 5.5275e-04 | 4.000 | 1.000 |  0.500  |  0.858 
  43  | 4.316994e+01 | 0.900 | 2.3856e-04 | 4.000 | 1.000 |  0.500  |  0.858 
  44  | 4.316991e+01 | 0.900 | 1.1047e-04 | 4.000 | 1.000 |  0.500  |  0.858 
  45  | 4.316992e+01 | 0.900 | 6.6784e-05 | 4.000 | 1.000 |  0.500  |  0.858 
  46  | 4.316994e+01 | 0.900 | 3.6300e-05 | 4.000 | 1.000 |  0.500  |  0.858 
  47  | 4.316995e+01 | 0.900 | 1.8132e-05 | 4.000 | 1.000 |  0.500  |  0.858 
  48  | 4.316995e+01 | 0.900 | 1.0291e-05 | 4.000 | 1.000 |  0.500  |  0.858 
  49  | 4.316996e+01 | 0.900 | 5.8597e-06 | 4.000 | 1.000 |  0.500  |  0.858 
  50  | 4.316996e+01 | 0.900 | 3.3174e-06 | 4.000 | 1.000 |  0.500  |  0.858 
  51  | 4.316996e+01 | 0.900 | 1.3961e-02 | 4.000 | 1.050 |  0.500  |  0.866 
  52  | 4.314705e+01 | 0.900 | 2.5208e-02 | 4.000 | 1.100 |  0.500  |  0.877 
  53  | 4.311830e+01 | 0.900 | 3.3204e-02 | 4.000 | 1.150 |  0.500  |  0.887 
  54  | 4.309004e+01 | 0.900 | 3.8689e-02 | 4.000 | 1.200 |  0.500  |  0.897 
  55  | 4.306408e+01 | 0.900 | 4.2552e-02 | 4.000 | 1.250 |  0.500  |  0.906 
  56  | 4.304053e+01 | 0.900 | 4.5476e-02 | 4.000 | 1.300 |  0.500  |  0.914 
  57  | 4.301913e+01 | 0.900 | 4.8172e-02 | 4.000 | 1.350 |  0.500  |  0.921 
  58  | 4.299963e+01 | 0.900 | 5.1384e-02 | 4.000 | 1.400 |  0.500  |  0.928 
  59  | 4.298175e+01 | 0.900 | 5.5151e-02 | 4.000 | 1.450 |  0.500  |  0.934 
  60  | 4.296529e+01 | 0.900 | 5.9197e-02 | 4.000 | 1.500 |  0.500  |  0.940 
  61  | 4.295030e+01 | 0.900 | 6.4560e-02 | 4.000 | 1.550 |  0.500  |  0.946 
  62  | 4.293681e+01 | 0.900 | 7.1436e-02 | 4.000 | 1.600 |  0.500  |  0.951 
  63  | 4.292508e+01 | 0.900 | 7.6508e-02 | 4.000 | 1.650 |  0.500  |  0.954 
  64  | 4.291435e+01 | 0.900 | 8.1290e-02 | 4.000 | 1.700 |  0.500  |  0.957 
  65  | 4.290423e+01 | 0.900 | 8.4069e-02 | 4.000 | 1.750 |  0.500  |  0.959 
  66  | 4.289483e+01 | 0.900 | 9.0599e-02 | 4.000 | 1.800 |  0.500  |  0.962 
  67  | 4.288584e+01 | 0.900 | 9.4599e-02 | 4.000 | 1.850 |  0.500  |  0.965 
  68  | 4.287752e+01 | 0.900 | 1.0300e-01 | 4.000 | 1.900 |  0.500  |  0.967 
  69  | 4.286965e+01 | 0.900 | 1.0610e-01 | 4.000 | 1.950 |  0.500  |  0.970 
  70  | 4.286246e+01 | 0.900 | 1.1639e-01 | 4.000 | 2.000 |  0.500  |  0.973 
  71  | 4.285555e+01 | 0.900 | 1.2306e-01 | 4.000 | 2.050 |  0.500  |  0.976 
  72  | 4.284946e+01 | 0.900 | 1.3141e-01 | 4.000 | 2.100 |  0.500  |  0.978 
  73  | 4.284373e+01 | 0.900 | 1.3802e-01 | 4.000 | 2.150 |  0.500  |  0.981 
  74  | 4.283857e+01 | 0.900 | 1.4813e-01 | 4.000 | 2.200 |  0.500  |  0.983 
  75  | 4.283414e+01 | 0.900 | 1.5247e-01 | 4.000 | 2.250 |  0.500  |  0.986 
  76  | 4.283022e+01 | 0.900 | 1.6253e-01 | 4.000 | 2.300 |  0.500  |  0.988 
  77  | 4.282644e+01 | 0.900 | 1.7654e-01 | 4.000 | 2.350 |  0.500  |  0.990 
  78  | 4.282342e+01 | 0.900 | 1.8966e-01 | 4.000 | 2.400 |  0.500  |  0.992 
  79  | 4.282101e+01 | 0.900 | 1.9621e-01 | 4.000 | 2.450 |  0.500  |  0.994 
  80  | 4.281901e+01 | 0.900 | 1.9587e-01 | 4.000 | 2.500 |  0.500  |  0.995 
  81  | 4.281736e+01 | 0.900 | 2.0000e-01 | 4.000 | 2.550 |  0.500  |  0.996 
  82  | 4.281612e+01 | 0.900 | 2.0000e-01 | 4.000 | 2.600 |  0.500  |  0.997 
  83  | 4.281514e+01 | 0.900 | 2.0000e-01 | 4.000 | 2.650 |  0.500  |  0.998 
  84  | 4.281445e+01 | 0.900 | 2.0000e-01 | 4.000 | 2.700 |  0.500  |  0.998 
  85  | 4.281369e+01 | 0.900 | 2.0000e-01 | 4.000 | 2.750 |  0.500  |  0.999 
  86  | 4.281312e+01 | 0.900 | 2.0000e-01 | 4.000 | 2.800 |  0.500  |  0.999 
  87  | 4.281270e+01 | 0.900 | 1.8079e-01 | 4.000 | 2.850 |  0.500  |  0.999 
  88  | 4.281238e+01 | 0.900 | 2.0000e-01 | 4.000 | 2.900 |  0.500  |  1.000 
  89  | 4.281215e+01 | 0.900 | 2.0000e-01 | 4.000 | 2.950 |  0.500  |  1.000 
  90  | 4.281201e+01 | 0.900 | 1.6581e-01 | 4.000 | 3.000 |  0.500  |  1.000 
  91  | 4.281191e+01 | 0.900 | 1.7064e-01 | 4.000 | 3.050 |  0.500  |  1.000 
  92  | 4.281186e+01 | 0.900 | 1.3667e-01 | 4.000 | 3.100 |  0.500  |  1.000 
  93  | 4.281182e+01 | 0.900 | 1.1469e-01 | 4.000 | 3.150 |  0.500  |  1.000 
  94  | 4.281180e+01 | 0.900 | 1.0238e-01 | 4.000 | 3.200 |  0.500  |  1.000 
  95  | 4.281179e+01 | 0.900 | 8.0438e-02 | 4.000 | 3.250 |  0.500  |  1.000 
  96  | 4.281179e+01 | 0.900 | 2.5769e-03 | 4.000 | 3.300 |  0.500  |  1.000 
  97  | 4.281179e+01 | 0.900 | 5.1684e-09 | 4.000 | 3.350 |  0.500  |  1.000 
  98  | 4.281179e+01 | 0.900 | 6.5572e-09 | 4.000 | 3.400 |  0.500  |  1.000 
  99  | 4.281179e+01 | 0.900 | 3.7272e-09 | 4.000 | 3.450 |  0.500  |  1.000 
 100  | 4.281179e+01 | 0.900 | 3.4695e-09 | 4.000 | 3.500 |  0.500  |  1.000 

- Solid plus void to total elements fraction = `0.99999`

- ` 100 ` iterations took `119.089 minutes` (1.191 min/iter or 71.453 sec/iter)

- Average of all ETA's = `0.500` (average of all a's = 1.000)
