[ToPy Problem Definition File v2007]
# TPD file generated by tpd-generator.py

PROB_NAME  : bridge_v0.20_f_32.0
PROB_TYPE  : comp
VOL_FRAC   : 0.2
NUM_ITER   : 100
ETA        : 0.5
ELEM_K     : Q4
FILT_RAD   : 32.0
P_FAC      : 1.0
P_HOLD     : 8
P_MAX      : 4.0
P_INCR     : 0.1
P_CON      : 1

DOF_PN     : 2
NUM_ELEM_X : 500
NUM_ELEM_Y : 250
NUM_ELEM_Z : 0
PASV_ELEM  : 11500; 124751       
FXTR_NODE_Y: 11546
FXTR_NODE_X: 125502|125752
LOAD_NODE_Y: 125502
LOAD_VALU_Y: 1

Q_FAC      : 1
Q_HOLD     : 50  # num of iters to hold q constant from start
Q_INCR     : 0.05  # increment by this amount
Q_CON      : 1  # increment every 'Q_CON' iters
Q_MAX      : 5  # max value of 'Q_CON'



TPD file name: bridge_v0.20_f_32.0.tpd (v2007)
===============================================================================

```
Domain discretisation (NUM_ELEM_X x NUM_ELEM_Y) = 500 x 250
Element type (ELEM_K) = Q4
Filter radius (FILT_RAD) = 32.0
Number of iterations (NUM_ITER) = 100
Problem type (PROB_TYPE) = comp
Problem name (PROB_NAME) = bridge_v0.20_f_32.0
GSF active
Damping factor (ETA) = 0.50
Passive elements (PASV_ELEM) specified
No active elements (ACTV_ELEM) specified
```

-------------------------------------------------------------------------------
 Iter | Obj. func.   | Vol.  | Change     | P_FAC | Q_FAC | Ave ETA | S-V frac. 
 ----:|-------------:|------:|-----------:|------:|------:|--------:|---------:
   1  | 1.989458e+02 | 0.200 | 2.0000e-01 | 1.000 | 1.000 |  0.500  |  0.000 
   2  | 1.445983e+02 | 0.200 | 2.0000e-01 | 1.000 | 1.000 |  0.500  |  0.001 
   3  | 1.290549e+02 | 0.200 | 2.0000e-01 | 1.000 | 1.000 |  0.500  |  0.003 
   4  | 1.218642e+02 | 0.200 | 2.0000e-01 | 1.000 | 1.000 |  0.500  |  0.012 
   5  | 1.177464e+02 | 0.200 | 8.4763e-02 | 1.000 | 1.000 |  0.500  |  0.015 
   6  | 1.167218e+02 | 0.200 | 6.0898e-02 | 1.000 | 1.000 |  0.500  |  0.017 
   7  | 1.161771e+02 | 0.200 | 3.9646e-02 | 1.000 | 1.000 |  0.500  |  0.019 
   8  | 1.158527e+02 | 0.200 | 2.6065e-02 | 1.000 | 1.000 |  0.500  |  0.021 
   9  | 1.156513e+02 | 0.200 | 1.7678e-02 | 1.100 | 1.000 |  0.500  |  0.023 
  10  | 1.296088e+02 | 0.200 | 5.4544e-02 | 1.200 | 1.000 |  0.500  |  0.023 
  11  | 1.450483e+02 | 0.200 | 7.4387e-02 | 1.300 | 1.000 |  0.500  |  0.024 
  12  | 1.621787e+02 | 0.200 | 7.7625e-02 | 1.400 | 1.000 |  0.500  |  0.026 
  13  | 1.811694e+02 | 0.200 | 7.4292e-02 | 1.500 | 1.000 |  0.500  |  0.030 
  14  | 2.021717e+02 | 0.200 | 7.0323e-02 | 1.600 | 1.000 |  0.500  |  0.035 
  15  | 2.253324e+02 | 0.200 | 6.5500e-02 | 1.700 | 1.000 |  0.500  |  0.041 
  16  | 2.508014e+02 | 0.200 | 5.9705e-02 | 1.800 | 1.000 |  0.500  |  0.049 
  17  | 2.787381e+02 | 0.200 | 5.3099e-02 | 1.900 | 1.000 |  0.500  |  0.057 
  18  | 3.093406e+02 | 0.200 | 4.2906e-02 | 2.000 | 1.000 |  0.500  |  0.066 
  19  | 3.427788e+02 | 0.200 | 3.0534e-02 | 2.100 | 1.000 |  0.500  |  0.075 
  20  | 3.790214e+02 | 0.200 | 2.7300e-02 | 2.200 | 1.000 |  0.500  |  0.084 
  21  | 4.180591e+02 | 0.200 | 2.5168e-02 | 2.300 | 1.000 |  0.500  |  0.093 
  22  | 4.597982e+02 | 0.200 | 2.3109e-02 | 2.400 | 1.000 |  0.500  |  0.101 
  23  | 5.039963e+02 | 0.200 | 2.3028e-02 | 2.500 | 1.000 |  0.500  |  0.109 
  24  | 5.501350e+02 | 0.200 | 2.2887e-02 | 2.600 | 1.000 |  0.500  |  0.116 
  25  | 5.973486e+02 | 0.200 | 2.3511e-02 | 2.700 | 1.000 |  0.500  |  0.123 
  26  | 6.446620e+02 | 0.200 | 2.4079e-02 | 2.800 | 1.000 |  0.500  |  0.130 
  27  | 6.915075e+02 | 0.200 | 2.4384e-02 | 2.900 | 1.000 |  0.500  |  0.146 
  28  | 7.376676e+02 | 0.200 | 2.4588e-02 | 3.000 | 1.000 |  0.500  |  0.160 
  29  | 7.824389e+02 | 0.200 | 2.5191e-02 | 3.100 | 1.000 |  0.500  |  0.174 
  30  | 8.243988e+02 | 0.200 | 2.5585e-02 | 3.200 | 1.000 |  0.500  |  0.186 
  31  | 8.614618e+02 | 0.200 | 2.5594e-02 | 3.300 | 1.000 |  0.500  |  0.197 
  32  | 8.921377e+02 | 0.200 | 2.5790e-02 | 3.400 | 1.000 |  0.500  |  0.208 
  33  | 9.180887e+02 | 0.200 | 2.8385e-02 | 3.500 | 1.000 |  0.500  |  0.219 
  34  | 9.421019e+02 | 0.200 | 2.9430e-02 | 3.600 | 1.000 |  0.500  |  0.234 
  35  | 9.640793e+02 | 0.200 | 3.0446e-02 | 3.700 | 1.000 |  0.500  |  0.247 
  36  | 9.825469e+02 | 0.200 | 3.2470e-02 | 3.800 | 1.000 |  0.500  |  0.258 
  37  | 9.974784e+02 | 0.200 | 2.8828e-02 | 3.900 | 1.000 |  0.500  |  0.268 
  38  | 1.012259e+03 | 0.200 | 2.8794e-02 | 4.000 | 1.000 |  0.500  |  0.277 
  39  | 1.030926e+03 | 0.200 | 2.9727e-02 | 4.000 | 1.000 |  0.500  |  0.284 
  40  | 9.879444e+02 | 0.200 | 3.8392e-02 | 4.000 | 1.000 |  0.500  |  0.290 
  41  | 9.545726e+02 | 0.200 | 3.1689e-02 | 4.000 | 1.000 |  0.500  |  0.294 
  42  | 9.326557e+02 | 0.200 | 3.2755e-02 | 4.000 | 1.000 |  0.500  |  0.299 
  43  | 9.120578e+02 | 0.200 | 3.7652e-02 | 4.000 | 1.000 |  0.500  |  0.302 
  44  | 9.015193e+02 | 0.200 | 6.5455e-02 | 4.000 | 1.000 |  0.500  |  0.305 
  45  | 8.860638e+02 | 0.200 | 8.9346e-02 | 4.000 | 1.000 |  0.500  |  0.307 
  46  | 8.851832e+02 | 0.200 | 1.3620e-01 | 4.000 | 1.000 |  0.500  |  0.310 
  47  | 8.722419e+02 | 0.200 | 1.8248e-01 | 4.000 | 1.000 |  0.500  |  0.311 
  48  | 8.871101e+02 | 0.200 | 2.0000e-01 | 4.000 | 1.000 |  0.500  |  0.315 
  49  | 8.779666e+02 | 0.200 | 2.0000e-01 | 4.000 | 1.000 |  0.500  |  0.314 
  50  | 8.904899e+02 | 0.200 | 2.0000e-01 | 4.000 | 1.000 |  0.500  |  0.318 
  51  | 8.878492e+02 | 0.200 | 2.0000e-01 | 4.000 | 1.050 |  0.500  |  0.326 
  52  | 8.659518e+02 | 0.200 | 2.0000e-01 | 4.000 | 1.100 |  0.500  |  0.345 
  53  | 8.550641e+02 | 0.200 | 2.0000e-01 | 4.000 | 1.150 |  0.500  |  0.358 
  54  | 8.183574e+02 | 0.200 | 2.0000e-01 | 4.000 | 1.200 |  0.500  |  0.386 
  55  | 8.224727e+02 | 0.200 | 2.0000e-01 | 4.000 | 1.250 |  0.500  |  0.400 
  56  | 7.519331e+02 | 0.200 | 2.0000e-01 | 4.000 | 1.300 |  0.500  |  0.431 
  57  | 7.397837e+02 | 0.200 | 2.0000e-01 | 4.000 | 1.350 |  0.500  |  0.440 
  58  | 6.364353e+02 | 0.200 | 2.0000e-01 | 4.000 | 1.400 |  0.500  |  0.474 
  59  | 6.486177e+02 | 0.200 | 2.0000e-01 | 4.000 | 1.450 |  0.500  |  0.481 
  60  | 5.546569e+02 | 0.200 | 2.0000e-01 | 4.000 | 1.500 |  0.500  |  0.515 
  61  | 5.643939e+02 | 0.200 | 2.0000e-01 | 4.000 | 1.550 |  0.500  |  0.523 
  62  | 4.810116e+02 | 0.200 | 2.0000e-01 | 4.000 | 1.600 |  0.500  |  0.557 
  63  | 4.891560e+02 | 0.200 | 2.0000e-01 | 4.000 | 1.650 |  0.500  |  0.567 
  64  | 4.200100e+02 | 0.200 | 2.0000e-01 | 4.000 | 1.700 |  0.500  |  0.600 
  65  | 4.246832e+02 | 0.200 | 2.0000e-01 | 4.000 | 1.750 |  0.500  |  0.614 
  66  | 3.719598e+02 | 0.200 | 2.0000e-01 | 4.000 | 1.800 |  0.500  |  0.643 
  67  | 3.697363e+02 | 0.200 | 2.0000e-01 | 4.000 | 1.850 |  0.500  |  0.664 
  68  | 3.291956e+02 | 0.200 | 2.0000e-01 | 4.000 | 1.900 |  0.500  |  0.696 
  69  | 3.248037e+02 | 0.200 | 2.0000e-01 | 4.000 | 1.950 |  0.500  |  0.726 
  70  | 2.958783e+02 | 0.200 | 2.0000e-01 | 4.000 | 2.000 |  0.500  |  0.774 
  71  | 2.785153e+02 | 0.200 | 2.0000e-01 | 4.000 | 2.050 |  0.500  |  0.814 
  72  | 2.555169e+02 | 0.200 | 2.0000e-01 | 4.000 | 2.100 |  0.500  |  0.871 
  73  | 2.370489e+02 | 0.200 | 2.0000e-01 | 4.000 | 2.150 |  0.500  |  0.889 
  74  | 2.233058e+02 | 0.200 | 2.0000e-01 | 4.000 | 2.200 |  0.500  |  0.905 
  75  | 2.128725e+02 | 0.200 | 2.0000e-01 | 4.000 | 2.250 |  0.500  |  0.920 
  76  | 2.055283e+02 | 0.200 | 2.0000e-01 | 4.000 | 2.300 |  0.500  |  0.933 
  77  | 2.011695e+02 | 0.200 | 2.0000e-01 | 4.000 | 2.350 |  0.500  |  0.944 
  78  | 1.976652e+02 | 0.200 | 2.0000e-01 | 4.000 | 2.400 |  0.500  |  0.952 
  79  | 1.942949e+02 | 0.200 | 2.0000e-01 | 4.000 | 2.450 |  0.500  |  0.963 
  80  | 1.920000e+02 | 0.200 | 2.0000e-01 | 4.000 | 2.500 |  0.500  |  0.969 
  81  | 1.905482e+02 | 0.200 | 2.0000e-01 | 4.000 | 2.550 |  0.500  |  0.975 
  82  | 1.893710e+02 | 0.200 | 2.0000e-01 | 4.000 | 2.600 |  0.500  |  0.982 
  83  | 1.884393e+02 | 0.200 | 2.0000e-01 | 4.000 | 2.650 |  0.500  |  0.986 
  84  | 1.877741e+02 | 0.200 | 2.0000e-01 | 4.000 | 2.700 |  0.500  |  0.989 
  85  | 1.872565e+02 | 0.200 | 2.0000e-01 | 4.000 | 2.750 |  0.500  |  0.991 
  86  | 1.868753e+02 | 0.200 | 2.0000e-01 | 4.000 | 2.800 |  0.500  |  0.993 
  87  | 1.865723e+02 | 0.200 | 2.0000e-01 | 4.000 | 2.850 |  0.500  |  0.995 
  88  | 1.863432e+02 | 0.200 | 2.0000e-01 | 4.000 | 2.900 |  0.500  |  0.997 
  89  | 1.861776e+02 | 0.200 | 2.0000e-01 | 4.000 | 2.950 |  0.500  |  0.998 
  90  | 1.860605e+02 | 0.200 | 2.0000e-01 | 4.000 | 3.000 |  0.500  |  0.999 
  91  | 1.859830e+02 | 0.200 | 2.0000e-01 | 4.000 | 3.050 |  0.500  |  0.999 
  92  | 1.859316e+02 | 0.200 | 2.0000e-01 | 4.000 | 3.100 |  0.500  |  1.000 
  93  | 1.858965e+02 | 0.200 | 2.0000e-01 | 4.000 | 3.150 |  0.500  |  1.000 
  94  | 1.858738e+02 | 0.200 | 2.0000e-01 | 4.000 | 3.200 |  0.500  |  1.000 
  95  | 1.858580e+02 | 0.200 | 2.0000e-01 | 4.000 | 3.250 |  0.500  |  1.000 
  96  | 1.858458e+02 | 0.200 | 1.3000e-01 | 4.000 | 3.300 |  0.500  |  1.000 
  97  | 1.858394e+02 | 0.200 | 2.0000e-01 | 4.000 | 3.350 |  0.500  |  1.000 
  98  | 1.858334e+02 | 0.200 | 2.0000e-01 | 4.000 | 3.400 |  0.500  |  1.000 
  99  | 1.858272e+02 | 0.200 | 1.2538e-01 | 4.000 | 3.450 |  0.500  |  1.000 
 100  | 1.858250e+02 | 0.200 | 2.6166e-02 | 4.000 | 3.500 |  0.500  |  1.000 

- Solid plus void to total elements fraction = `0.99995`

- ` 100 ` iterations took `148.786 minutes` (1.488 min/iter or 89.272 sec/iter)

- Average of all ETA's = `0.500` (average of all a's = 1.000)
