[ToPy Problem Definition File v2007]
# TPD file generated by tpd-generator.py

PROB_NAME  : bridge_f_1.1
PROB_TYPE  : comp
VOL_FRAC   : 0.4
NUM_ITER   : 100
ETA        : 0.5
ELEM_K     : Q4
FILT_RAD   : 1.1
P_FAC      : 1.0
P_HOLD     : 8
P_MAX      : 4.0
P_INCR     : 0.1
P_CON      : 1

DOF_PN     : 2
NUM_ELEM_X : 1000
NUM_ELEM_Y : 250
NUM_ELEM_Z : 0
PASV_ELEM  : 11500; 124751;125001; 247750
FXTR_NODE_Y: 11545; 239955
LOAD_NODE_Y: 125502
LOAD_VALU_Y: 1

Q_FAC      : 1
Q_HOLD     : 50  # num of iters to hold q constant from start
Q_INCR     : 0.05  # increment by this amount
Q_CON      : 1  # increment every 'Q_CON' iters
Q_MAX      : 5  # max value of 'Q_CON'



TPD file name: bridge_f_1.1.tpd (v2007)

	ToPy warning: Rigid body motion in 2D is possible!

===============================================================================

```
Domain discretisation (NUM_ELEM_X x NUM_ELEM_Y) = 1000 x 250
Element type (ELEM_K) = Q4
Filter radius (FILT_RAD) = 1.1
Number of iterations (NUM_ITER) = 100
Problem type (PROB_TYPE) = comp
Problem name (PROB_NAME) = bridge_f_1.1
GSF active
Damping factor (ETA) = 0.50
Passive elements (PASV_ELEM) specified
No active elements (ACTV_ELEM) specified
```

-------------------------------------------------------------------------------
 Iter | Obj. func.   | Vol.  | Change     | P_FAC | Q_FAC | Ave ETA | S-V frac. 
 ----:|-------------:|------:|-----------:|------:|------:|--------:|---------:
   1  | 4.784129e+01 | 0.400 | 3.9900e-01 | 1.000 | 1.000 |  0.500  |  0.000 
   2  | 3.840487e+01 | 0.400 | 2.0000e-01 | 1.000 | 1.000 |  0.500  |  0.001 
   3  | 3.385485e+01 | 0.400 | 2.0000e-01 | 1.000 | 1.000 |  0.500  |  0.069 
   4  | 3.154498e+01 | 0.400 | 1.9163e-01 | 1.000 | 1.000 |  0.500  |  0.096 
   5  | 3.133103e+01 | 0.400 | 1.3602e-01 | 1.000 | 1.000 |  0.500  |  0.110 
   6  | 3.125180e+01 | 0.400 | 1.0262e-01 | 1.000 | 1.000 |  0.500  |  0.120 
   7  | 3.120711e+01 | 0.400 | 8.1908e-02 | 1.000 | 1.000 |  0.500  |  0.128 
   8  | 3.117754e+01 | 0.400 | 6.6861e-02 | 1.000 | 1.000 |  0.500  |  0.134 
   9  | 3.115624e+01 | 0.400 | 5.5466e-02 | 1.100 | 1.000 |  0.500  |  0.139 
  10  | 3.271431e+01 | 0.400 | 9.1021e-02 | 1.200 | 1.000 |  0.500  |  0.142 
  11  | 3.432271e+01 | 0.400 | 1.0139e-01 | 1.300 | 1.000 |  0.500  |  0.147 
  12  | 3.596480e+01 | 0.400 | 1.1943e-01 | 1.400 | 1.000 |  0.500  |  0.155 
  13  | 3.762289e+01 | 0.400 | 1.2216e-01 | 1.500 | 1.000 |  0.500  |  0.165 
  14  | 3.927594e+01 | 0.400 | 1.2832e-01 | 1.600 | 1.000 |  0.500  |  0.182 
  15  | 4.089933e+01 | 0.400 | 1.4197e-01 | 1.700 | 1.000 |  0.500  |  0.201 
  16  | 4.246182e+01 | 0.400 | 1.5165e-01 | 1.800 | 1.000 |  0.500  |  0.220 
  17  | 4.392174e+01 | 0.400 | 1.5899e-01 | 1.900 | 1.000 |  0.500  |  0.240 
  18  | 4.523217e+01 | 0.400 | 1.5712e-01 | 2.000 | 1.000 |  0.500  |  0.263 
  19  | 4.635753e+01 | 0.400 | 1.8295e-01 | 2.100 | 1.000 |  0.500  |  0.299 
  20  | 4.733842e+01 | 0.400 | 2.0000e-01 | 2.200 | 1.000 |  0.500  |  0.324 
  21  | 4.827150e+01 | 0.400 | 2.0000e-01 | 2.300 | 1.000 |  0.500  |  0.344 
  22  | 4.912877e+01 | 0.400 | 2.0000e-01 | 2.400 | 1.000 |  0.500  |  0.362 
  23  | 4.984091e+01 | 0.400 | 2.0000e-01 | 2.500 | 1.000 |  0.500  |  0.377 
  24  | 5.034234e+01 | 0.400 | 2.0000e-01 | 2.600 | 1.000 |  0.500  |  0.397 
  25  | 5.057027e+01 | 0.400 | 2.0000e-01 | 2.700 | 1.000 |  0.500  |  0.419 
  26  | 5.053094e+01 | 0.400 | 2.0000e-01 | 2.800 | 1.000 |  0.500  |  0.440 
  27  | 5.035811e+01 | 0.400 | 2.0000e-01 | 2.900 | 1.000 |  0.500  |  0.461 
  28  | 5.026686e+01 | 0.400 | 2.0000e-01 | 3.000 | 1.000 |  0.500  |  0.499 
  29  | 5.025031e+01 | 0.400 | 2.0000e-01 | 3.100 | 1.000 |  0.500  |  0.517 
  30  | 5.007608e+01 | 0.400 | 2.0000e-01 | 3.200 | 1.000 |  0.500  |  0.536 
  31  | 4.950562e+01 | 0.400 | 2.0000e-01 | 3.300 | 1.000 |  0.500  |  0.557 
  32  | 4.817285e+01 | 0.400 | 2.0000e-01 | 3.400 | 1.000 |  0.500  |  0.588 
  33  | 4.609703e+01 | 0.400 | 2.0000e-01 | 3.500 | 1.000 |  0.500  |  0.640 
  34  | 4.420961e+01 | 0.400 | 2.0000e-01 | 3.600 | 1.000 |  0.500  |  0.684 
  35  | 4.276466e+01 | 0.400 | 2.0000e-01 | 3.700 | 1.000 |  0.500  |  0.757 
  36  | 4.163194e+01 | 0.400 | 2.0000e-01 | 3.800 | 1.000 |  0.500  |  0.805 
  37  | 4.057681e+01 | 0.400 | 2.0000e-01 | 3.900 | 1.000 |  0.500  |  0.846 
  38  | 3.970670e+01 | 0.400 | 2.0000e-01 | 4.000 | 1.000 |  0.500  |  0.899 
  39  | 3.905953e+01 | 0.400 | 2.0000e-01 | 4.000 | 1.000 |  0.500  |  0.923 
  40  | 3.864872e+01 | 0.400 | 2.0000e-01 | 4.000 | 1.000 |  0.500  |  0.933 
  41  | 3.831151e+01 | 0.400 | 2.0000e-01 | 4.000 | 1.000 |  0.500  |  0.943 
  42  | 3.801130e+01 | 0.400 | 2.0000e-01 | 4.000 | 1.000 |  0.500  |  0.947 
  43  | 3.775024e+01 | 0.400 | 2.0000e-01 | 4.000 | 1.000 |  0.500  |  0.949 
  44  | 3.757904e+01 | 0.400 | 2.0000e-01 | 4.000 | 1.000 |  0.500  |  0.950 
  45  | 3.746601e+01 | 0.400 | 2.0000e-01 | 4.000 | 1.000 |  0.500  |  0.951 
  46  | 3.736821e+01 | 0.400 | 2.0000e-01 | 4.000 | 1.000 |  0.500  |  0.952 
  47  | 3.727451e+01 | 0.400 | 2.0000e-01 | 4.000 | 1.000 |  0.500  |  0.953 
  48  | 3.717742e+01 | 0.400 | 2.0000e-01 | 4.000 | 1.000 |  0.500  |  0.953 
  49  | 3.706964e+01 | 0.400 | 2.0000e-01 | 4.000 | 1.000 |  0.500  |  0.954 
  50  | 3.695518e+01 | 0.400 | 2.0000e-01 | 4.000 | 1.000 |  0.500  |  0.955 
  51  | 3.689546e+01 | 0.400 | 2.0000e-01 | 4.000 | 1.050 |  0.500  |  0.958 
  52  | 3.682449e+01 | 0.400 | 2.0000e-01 | 4.000 | 1.100 |  0.500  |  0.961 
  53  | 3.675184e+01 | 0.400 | 2.0000e-01 | 4.000 | 1.150 |  0.500  |  0.963 
  54  | 3.668363e+01 | 0.400 | 2.0000e-01 | 4.000 | 1.200 |  0.500  |  0.965 
  55  | 3.662264e+01 | 0.400 | 2.0000e-01 | 4.000 | 1.250 |  0.500  |  0.967 
  56  | 3.656721e+01 | 0.400 | 2.0000e-01 | 4.000 | 1.300 |  0.500  |  0.968 
  57  | 3.651393e+01 | 0.400 | 2.0000e-01 | 4.000 | 1.350 |  0.500  |  0.970 
  58  | 3.646521e+01 | 0.400 | 2.0000e-01 | 4.000 | 1.400 |  0.500  |  0.971 
  59  | 3.642430e+01 | 0.400 | 2.0000e-01 | 4.000 | 1.450 |  0.500  |  0.972 
  60  | 3.638800e+01 | 0.400 | 2.0000e-01 | 4.000 | 1.500 |  0.500  |  0.972 
  61  | 3.635451e+01 | 0.400 | 2.0000e-01 | 4.000 | 1.550 |  0.500  |  0.974 
  62  | 3.632342e+01 | 0.400 | 2.0000e-01 | 4.000 | 1.600 |  0.500  |  0.976 
  63  | 3.628542e+01 | 0.400 | 2.0000e-01 | 4.000 | 1.650 |  0.500  |  0.978 
  64  | 3.623536e+01 | 0.400 | 2.0000e-01 | 4.000 | 1.700 |  0.500  |  0.981 
  65  | 3.620985e+01 | 0.400 | 2.0000e-01 | 4.000 | 1.750 |  0.500  |  0.982 
  66  | 3.619419e+01 | 0.400 | 2.0000e-01 | 4.000 | 1.800 |  0.500  |  0.984 
  67  | 3.617973e+01 | 0.400 | 2.0000e-01 | 4.000 | 1.850 |  0.500  |  0.986 
  68  | 3.616774e+01 | 0.400 | 2.0000e-01 | 4.000 | 1.900 |  0.500  |  0.988 
  69  | 3.615840e+01 | 0.400 | 2.0000e-01 | 4.000 | 1.950 |  0.500  |  0.990 
  70  | 3.615110e+01 | 0.400 | 2.0000e-01 | 4.000 | 2.000 |  0.500  |  0.992 
  71  | 3.614471e+01 | 0.400 | 2.0000e-01 | 4.000 | 2.050 |  0.500  |  0.994 
  72  | 3.613799e+01 | 0.400 | 2.0000e-01 | 4.000 | 2.100 |  0.500  |  0.995 
  73  | 3.613146e+01 | 0.400 | 2.0000e-01 | 4.000 | 2.150 |  0.500  |  0.997 
  74  | 3.612702e+01 | 0.400 | 2.0000e-01 | 4.000 | 2.200 |  0.500  |  0.997 
  75  | 3.612452e+01 | 0.400 | 2.0000e-01 | 4.000 | 2.250 |  0.500  |  0.998 
  76  | 3.612251e+01 | 0.400 | 2.0000e-01 | 4.000 | 2.300 |  0.500  |  0.999 
  77  | 3.612065e+01 | 0.400 | 2.0000e-01 | 4.000 | 2.350 |  0.500  |  0.999 
  78  | 3.611887e+01 | 0.400 | 2.0000e-01 | 4.000 | 2.400 |  0.500  |  0.999 
  79  | 3.611746e+01 | 0.400 | 2.0000e-01 | 4.000 | 2.450 |  0.500  |  0.999 
  80  | 3.611621e+01 | 0.400 | 2.0000e-01 | 4.000 | 2.500 |  0.500  |  1.000 
  81  | 3.611560e+01 | 0.400 | 2.0000e-01 | 4.000 | 2.550 |  0.500  |  1.000 
  82  | 3.611507e+01 | 0.400 | 2.0000e-01 | 4.000 | 2.600 |  0.500  |  1.000 
  83  | 3.611475e+01 | 0.400 | 2.0000e-01 | 4.000 | 2.650 |  0.500  |  1.000 
  84  | 3.611446e+01 | 0.400 | 2.0000e-01 | 4.000 | 2.700 |  0.500  |  1.000 
  85  | 3.611439e+01 | 0.400 | 2.0000e-01 | 4.000 | 2.750 |  0.500  |  1.000 
  86  | 3.611427e+01 | 0.400 | 2.0000e-01 | 4.000 | 2.800 |  0.500  |  1.000 
  87  | 3.611415e+01 | 0.400 | 2.0000e-01 | 4.000 | 2.850 |  0.500  |  1.000 
  88  | 3.611398e+01 | 0.400 | 2.0000e-01 | 4.000 | 2.900 |  0.500  |  1.000 
  89  | 3.611390e+01 | 0.400 | 2.0000e-01 | 4.000 | 2.950 |  0.500  |  1.000 
  90  | 3.611389e+01 | 0.400 | 2.0000e-01 | 4.000 | 3.000 |  0.500  |  1.000 
  91  | 3.611389e+01 | 0.400 | 2.0000e-01 | 4.000 | 3.050 |  0.500  |  1.000 
  92  | 3.611384e+01 | 0.400 | 2.0000e-01 | 4.000 | 3.100 |  0.500  |  1.000 
  93  | 3.611384e+01 | 0.400 | 2.0000e-01 | 4.000 | 3.150 |  0.500  |  1.000 
  94  | 3.611383e+01 | 0.400 | 2.0000e-01 | 4.000 | 3.200 |  0.500  |  1.000 
  95  | 3.611384e+01 | 0.400 | 2.0000e-01 | 4.000 | 3.250 |  0.500  |  1.000 
  96  | 3.611383e+01 | 0.400 | 2.0000e-01 | 4.000 | 3.300 |  0.500  |  1.000 
  97  | 3.611384e+01 | 0.400 | 2.0000e-01 | 4.000 | 3.350 |  0.500  |  1.000 
  98  | 3.611383e+01 | 0.400 | 2.0000e-01 | 4.000 | 3.400 |  0.500  |  1.000 
  99  | 3.611384e+01 | 0.400 | 2.0000e-01 | 4.000 | 3.450 |  0.500  |  1.000 
 100  | 3.611383e+01 | 0.400 | 2.0000e-01 | 4.000 | 3.500 |  0.500  |  1.000 

- Solid plus void to total elements fraction = `0.99997`

- ` 100 ` iterations took `90.063 minutes` (0.901 min/iter or 54.038 sec/iter)

- Average of all ETA's = `0.500` (average of all a's = 1.000)
