 [ToPy Problem Definition File v2007]
# TPD file generated by tpd-generator.py

PROB_NAME  : bridge_f_4.4
PROB_TYPE  : comp
VOL_FRAC   : 0.4
NUM_ITER   : 100
ETA        : 0.5
ELEM_K     : Q4
FILT_RAD   : 4.4
P_FAC      : 1.0
P_HOLD     : 8
P_MAX      : 4.0
P_INCR     : 0.1
P_CON      : 1

DOF_PN     : 2
NUM_ELEM_X : 1000
NUM_ELEM_Y : 250
NUM_ELEM_Z : 0
PASV_ELEM  : 11500; 124751;125001; 238750
FXTR_NODE_Y: 11546; 239956
LOAD_NODE_Y: 125502
LOAD_VALU_Y: 1

Q_FAC      : 1
Q_HOLD     : 50  # num of iters to hold q constant from start
Q_INCR     : 0.05  # increment by this amount
Q_CON      : 1  # increment every 'Q_CON' iters
Q_MAX      : 5  # max value of 'Q_CON'



TPD file name: bridge_f_4.4.tpd (v2007)

	ToPy warning: Rigid body motion in 2D is possible!

===============================================================================

```
Domain discretisation (NUM_ELEM_X x NUM_ELEM_Y) = 1000 x 250
Element type (ELEM_K) = Q4
Filter radius (FILT_RAD) = 4.4
Number of iterations (NUM_ITER) = 100
Problem type (PROB_TYPE) = comp
Problem name (PROB_NAME) = bridge_f_4.4
GSF active
Damping factor (ETA) = 0.50
Passive elements (PASV_ELEM) specified
No active elements (ACTV_ELEM) specified
```

-------------------------------------------------------------------------------
 Iter | Obj. func.   | Vol.  | Change     | P_FAC | Q_FAC | Ave ETA | S-V frac. 
 ----:|-------------:|------:|-----------:|------:|------:|--------:|---------:
   1  | 4.857062e+01 | 0.400 | 3.9900e-01 | 1.000 | 1.000 |  0.500  |  0.000 
   2  | 4.056351e+01 | 0.400 | 2.0000e-01 | 1.000 | 1.000 |  0.500  |  0.000 
   3  | 3.547915e+01 | 0.400 | 2.0000e-01 | 1.000 | 1.000 |  0.500  |  0.068 
   4  | 3.284814e+01 | 0.400 | 1.8086e-01 | 1.000 | 1.000 |  0.500  |  0.095 
   5  | 3.263233e+01 | 0.400 | 1.2097e-01 | 1.000 | 1.000 |  0.500  |  0.109 
   6  | 3.255240e+01 | 0.400 | 8.6541e-02 | 1.000 | 1.000 |  0.500  |  0.119 
   7  | 3.250741e+01 | 0.400 | 6.4637e-02 | 1.000 | 1.000 |  0.500  |  0.126 
   8  | 3.247772e+01 | 0.400 | 4.9517e-02 | 1.000 | 1.000 |  0.500  |  0.132 
   9  | 3.245639e+01 | 0.400 | 3.8926e-02 | 1.100 | 1.000 |  0.500  |  0.136 
  10  | 3.402094e+01 | 0.400 | 6.8313e-02 | 1.200 | 1.000 |  0.500  |  0.139 
  11  | 3.563484e+01 | 0.400 | 7.3714e-02 | 1.300 | 1.000 |  0.500  |  0.143 
  12  | 3.728274e+01 | 0.400 | 8.5251e-02 | 1.400 | 1.000 |  0.500  |  0.150 
  13  | 3.894793e+01 | 0.400 | 9.9694e-02 | 1.500 | 1.000 |  0.500  |  0.161 
  14  | 4.061026e+01 | 0.400 | 1.1253e-01 | 1.600 | 1.000 |  0.500  |  0.176 
  15  | 4.224610e+01 | 0.400 | 1.2137e-01 | 1.700 | 1.000 |  0.500  |  0.195 
  16  | 4.382582e+01 | 0.400 | 1.2513e-01 | 1.800 | 1.000 |  0.500  |  0.214 
  17  | 4.531046e+01 | 0.400 | 1.2306e-01 | 1.900 | 1.000 |  0.500  |  0.232 
  18  | 4.665670e+01 | 0.400 | 1.2506e-01 | 2.000 | 1.000 |  0.500  |  0.253 
  19  | 4.783188e+01 | 0.400 | 1.4703e-01 | 2.100 | 1.000 |  0.500  |  0.283 
  20  | 4.886261e+01 | 0.400 | 1.7733e-01 | 2.200 | 1.000 |  0.500  |  0.311 
  21  | 4.985487e+01 | 0.400 | 1.7783e-01 | 2.300 | 1.000 |  0.500  |  0.330 
  22  | 5.080851e+01 | 0.400 | 1.7154e-01 | 2.400 | 1.000 |  0.500  |  0.346 
  23  | 5.164897e+01 | 0.400 | 1.6718e-01 | 2.500 | 1.000 |  0.500  |  0.359 
  24  | 5.228313e+01 | 0.400 | 1.9207e-01 | 2.600 | 1.000 |  0.500  |  0.371 
  25  | 5.261455e+01 | 0.400 | 2.0000e-01 | 2.700 | 1.000 |  0.500  |  0.394 
  26  | 5.262059e+01 | 0.400 | 2.0000e-01 | 2.800 | 1.000 |  0.500  |  0.415 
  27  | 5.240986e+01 | 0.400 | 2.0000e-01 | 2.900 | 1.000 |  0.500  |  0.436 
  28  | 5.218042e+01 | 0.400 | 2.0000e-01 | 3.000 | 1.000 |  0.500  |  0.461 
  29  | 5.199962e+01 | 0.400 | 2.0000e-01 | 3.100 | 1.000 |  0.500  |  0.488 
  30  | 5.163977e+01 | 0.400 | 2.0000e-01 | 3.200 | 1.000 |  0.500  |  0.508 
  31  | 5.066346e+01 | 0.400 | 2.0000e-01 | 3.300 | 1.000 |  0.500  |  0.532 
  32  | 4.854776e+01 | 0.400 | 2.0000e-01 | 3.400 | 1.000 |  0.500  |  0.571 
  33  | 4.566728e+01 | 0.400 | 2.0000e-01 | 3.500 | 1.000 |  0.500  |  0.621 
  34  | 4.329199e+01 | 0.400 | 2.0000e-01 | 3.600 | 1.000 |  0.500  |  0.725 
  35  | 4.156790e+01 | 0.400 | 2.0000e-01 | 3.700 | 1.000 |  0.500  |  0.755 
  36  | 4.030767e+01 | 0.400 | 2.0000e-01 | 3.800 | 1.000 |  0.500  |  0.823 
  37  | 3.959433e+01 | 0.400 | 2.0000e-01 | 3.900 | 1.000 |  0.500  |  0.841 
  38  | 3.917427e+01 | 0.400 | 2.0000e-01 | 4.000 | 1.000 |  0.500  |  0.850 
  39  | 3.890044e+01 | 0.400 | 2.0000e-01 | 4.000 | 1.000 |  0.500  |  0.857 
  40  | 3.865229e+01 | 0.400 | 2.0000e-01 | 4.000 | 1.000 |  0.500  |  0.858 
  41  | 3.848820e+01 | 0.400 | 2.0000e-01 | 4.000 | 1.000 |  0.500  |  0.860 
  42  | 3.837304e+01 | 0.400 | 2.0000e-01 | 4.000 | 1.000 |  0.500  |  0.861 
  43  | 3.832587e+01 | 0.400 | 1.7912e-01 | 4.000 | 1.000 |  0.500  |  0.863 
  44  | 3.828505e+01 | 0.400 | 1.6339e-01 | 4.000 | 1.000 |  0.500  |  0.863 
  45  | 3.825394e+01 | 0.400 | 1.4475e-01 | 4.000 | 1.000 |  0.500  |  0.863 
  46  | 3.823026e+01 | 0.400 | 1.2749e-01 | 4.000 | 1.000 |  0.500  |  0.863 
  47  | 3.820520e+01 | 0.400 | 1.1516e-01 | 4.000 | 1.000 |  0.500  |  0.862 
  48  | 3.817931e+01 | 0.400 | 1.1450e-01 | 4.000 | 1.000 |  0.500  |  0.862 
  49  | 3.816721e+01 | 0.400 | 1.0698e-01 | 4.000 | 1.000 |  0.500  |  0.862 
  50  | 3.815345e+01 | 0.400 | 1.0561e-01 | 4.000 | 1.000 |  0.500  |  0.862 
  51  | 3.813888e+01 | 0.400 | 1.2395e-01 | 4.000 | 1.050 |  0.500  |  0.868 
  52  | 3.802338e+01 | 0.400 | 1.2295e-01 | 4.000 | 1.100 |  0.500  |  0.876 
  53  | 3.788831e+01 | 0.400 | 1.4247e-01 | 4.000 | 1.150 |  0.500  |  0.883 
  54  | 3.776007e+01 | 0.400 | 1.3377e-01 | 4.000 | 1.200 |  0.500  |  0.889 
  55  | 3.763610e+01 | 0.400 | 1.4821e-01 | 4.000 | 1.250 |  0.500  |  0.895 
  56  | 3.751748e+01 | 0.400 | 1.4891e-01 | 4.000 | 1.300 |  0.500  |  0.901 
  57  | 3.740112e+01 | 0.400 | 1.4844e-01 | 4.000 | 1.350 |  0.500  |  0.906 
  58  | 3.730565e+01 | 0.400 | 1.5323e-01 | 4.000 | 1.400 |  0.500  |  0.911 
  59  | 3.721439e+01 | 0.400 | 1.6512e-01 | 4.000 | 1.450 |  0.500  |  0.915 
  60  | 3.712681e+01 | 0.400 | 1.5629e-01 | 4.000 | 1.500 |  0.500  |  0.920 
  61  | 3.704369e+01 | 0.400 | 1.7423e-01 | 4.000 | 1.550 |  0.500  |  0.924 
  62  | 3.696435e+01 | 0.400 | 1.7172e-01 | 4.000 | 1.600 |  0.500  |  0.928 
  63  | 3.688270e+01 | 0.400 | 1.8278e-01 | 4.000 | 1.650 |  0.500  |  0.933 
  64  | 3.681465e+01 | 0.400 | 1.7808e-01 | 4.000 | 1.700 |  0.500  |  0.937 
  65  | 3.675440e+01 | 0.400 | 1.9055e-01 | 4.000 | 1.750 |  0.500  |  0.942 
  66  | 3.669772e+01 | 0.400 | 2.0000e-01 | 4.000 | 1.800 |  0.500  |  0.946 
  67  | 3.664470e+01 | 0.400 | 2.0000e-01 | 4.000 | 1.850 |  0.500  |  0.950 
  68  | 3.659528e+01 | 0.400 | 2.0000e-01 | 4.000 | 1.900 |  0.500  |  0.955 
  69  | 3.654914e+01 | 0.400 | 1.9713e-01 | 4.000 | 1.950 |  0.500  |  0.959 
  70  | 3.650642e+01 | 0.400 | 2.0000e-01 | 4.000 | 2.000 |  0.500  |  0.963 
  71  | 3.646738e+01 | 0.400 | 2.0000e-01 | 4.000 | 2.050 |  0.500  |  0.967 
  72  | 3.643254e+01 | 0.400 | 2.0000e-01 | 4.000 | 2.100 |  0.500  |  0.971 
  73  | 3.640064e+01 | 0.400 | 2.0000e-01 | 4.000 | 2.150 |  0.500  |  0.975 
  74  | 3.637228e+01 | 0.400 | 2.0000e-01 | 4.000 | 2.200 |  0.500  |  0.979 
  75  | 3.634703e+01 | 0.400 | 2.0000e-01 | 4.000 | 2.250 |  0.500  |  0.982 
  76  | 3.632316e+01 | 0.400 | 2.0000e-01 | 4.000 | 2.300 |  0.500  |  0.985 
  77  | 3.629888e+01 | 0.400 | 2.0000e-01 | 4.000 | 2.350 |  0.500  |  0.988 
  78  | 3.627365e+01 | 0.400 | 2.0000e-01 | 4.000 | 2.400 |  0.500  |  0.990 
  79  | 3.626034e+01 | 0.400 | 2.0000e-01 | 4.000 | 2.450 |  0.500  |  0.992 
  80  | 3.624873e+01 | 0.400 | 2.0000e-01 | 4.000 | 2.500 |  0.500  |  0.994 
  81  | 3.623853e+01 | 0.400 | 2.0000e-01 | 4.000 | 2.550 |  0.500  |  0.995 
  82  | 3.622957e+01 | 0.400 | 2.0000e-01 | 4.000 | 2.600 |  0.500  |  0.996 
  83  | 3.622319e+01 | 0.400 | 2.0000e-01 | 4.000 | 2.650 |  0.500  |  0.997 
  84  | 3.621811e+01 | 0.400 | 2.0000e-01 | 4.000 | 2.700 |  0.500  |  0.998 
  85  | 3.621383e+01 | 0.400 | 2.0000e-01 | 4.000 | 2.750 |  0.500  |  0.999 
  86  | 3.621058e+01 | 0.400 | 2.0000e-01 | 4.000 | 2.800 |  0.500  |  0.999 
  87  | 3.620800e+01 | 0.400 | 2.0000e-01 | 4.000 | 2.850 |  0.500  |  0.999 
  88  | 3.620603e+01 | 0.400 | 2.0000e-01 | 4.000 | 2.900 |  0.500  |  0.999 
  89  | 3.620469e+01 | 0.400 | 1.7326e-01 | 4.000 | 2.950 |  0.500  |  1.000 
  90  | 3.620366e+01 | 0.400 | 2.0000e-01 | 4.000 | 3.000 |  0.500  |  1.000 
  91  | 3.620283e+01 | 0.400 | 2.0000e-01 | 4.000 | 3.050 |  0.500  |  1.000 
  92  | 3.620229e+01 | 0.400 | 1.4916e-01 | 4.000 | 3.100 |  0.500  |  1.000 
  93  | 3.620191e+01 | 0.400 | 1.7493e-01 | 4.000 | 3.150 |  0.500  |  1.000 
  94  | 3.620163e+01 | 0.400 | 1.1891e-01 | 4.000 | 3.200 |  0.500  |  1.000 
  95  | 3.620140e+01 | 0.400 | 1.6235e-01 | 4.000 | 3.250 |  0.500  |  1.000 
  96  | 3.620115e+01 | 0.400 | 1.7931e-01 | 4.000 | 3.300 |  0.500  |  1.000 
  97  | 3.620096e+01 | 0.400 | 1.6196e-01 | 4.000 | 3.350 |  0.500  |  1.000 
  98  | 3.620081e+01 | 0.400 | 1.1527e-01 | 4.000 | 3.400 |  0.500  |  1.000 
  99  | 3.620071e+01 | 0.400 | 1.1433e-01 | 4.000 | 3.450 |  0.500  |  1.000 
 100  | 3.620065e+01 | 0.400 | 9.3432e-03 | 4.000 | 3.500 |  0.500  |  1.000 

- Solid plus void to total elements fraction = `0.99999`

- ` 100 ` iterations took `119.947 minutes` (1.199 min/iter or 71.968 sec/iter)

- Average of all ETA's = `0.500` (average of all a's = 1.000)
